 0001  0.3666205058272097E+000
 0002  0.3676303501886586E+000
 0003  0.3676303501886586E+000
 0004  0.3676303501886586E+000
 0005  0.3687632177488178E+000
 0006  0.3687632177488178E+000
 0007  0.3700025336057300E+000
 0008  0.3700025336057299E+000
 0009  0.3712130702062485E+000
 0010  0.3712130702062486E+000
 0011  0.3712130702062486E+000
 0012  0.3725561440071962E+000
 0013  0.3725561440071962E+000
 0014  0.3738680290961966E+000
 0015  0.3738680290961965E+000
 0016  0.3752994477343320E+000
 0017  0.3752994477343320E+000
 0018  0.3768507004031783E+000
 0019  0.3768507004031784E+000
 0020  0.3783659300533253E+000
 0021  0.3783659300533253E+000
 0022  0.3800133614458441E+000
 0023  0.3800133614458442E+000
 0024  0.3817821988940366E+000
 0025  0.3817821988940366E+000
 0026  0.3836737690599256E+000
 0027  0.3854692492773385E+000
 0028  0.3854692492773384E+000
 0029  0.3873992866439562E+000
 0030  0.3873992866439562E+000
 0031  0.3894635216183718E+000
 0032  0.3894635216183718E+000
 0033  0.3914798211554621E+000
 0034  0.3935644931144570E+000
 0035  0.3935644931144571E+000
 0036  0.3957606547296004E+000
 0037  0.3957606547296004E+000
 0038  0.3979058173214911E+000
 0039  0.4000495552505958E+000
 0040  0.4000495552505958E+000
 0041  0.4022096823086941E+000
 0042  0.4042291862595669E+000
 0043  0.4042291862595668E+000
 0044  0.4062017935120185E+000
 0045  0.4062017935120185E+000
 0046  0.4081213320197808E+000
 0047  0.4098286264646572E+000
 0048  0.4098286264646572E+000
 0049  0.4113217321688201E+000
 0050  0.4127095444892931E+000
 0051  0.4137158048514563E+000
 0052  0.4137158048514563E+000
 0053  0.4143025833327870E+000
 0054  0.4144872019877254E+000
 0055  0.4144872019877254E+000
 0056  0.4146675334485835E+000
 0057  0.4143018149463111E+000
 0058  0.4143018149463112E+000
 0059  0.4132670377172055E+000
 0060  0.4115590366632715E+000
 0061  0.4091590018650641E+000
 0062  0.4091590018650641E+000
 0063  0.4068147004107220E+000
 0064  0.4038101326914871E+000
 0065  0.4001061348703188E+000
 0066  0.4001061348703188E+000
 0067  0.3953709321352241E+000
 0068  0.3899023464695903E+000
 0069  0.3849506395182943E+000
 0070  0.3849506395182943E+000
 0071  0.3786614533634773E+000
 0072  0.3715446599520533E+000
 0073  0.3638636008974202E+000
 0074  0.3556311973240441E+000
 0075  0.3556311973240441E+000
 0076  0.3475899657201478E+000
 0077  0.3388026053771747E+000
 0078  0.3293798078567723E+000
 0079  0.3194393900488895E+000
 0080  0.3194393900488895E+000
 0081  0.3080787478645652E+000
 0082  0.2965236158943184E+000
 0083  0.2863763127473569E+000
 0084  0.2757633095770728E+000
 0085  0.2757633095770728E+000
 0086  0.2636195989671163E+000
 0087  0.2514752828446454E+000
 0088  0.2394451299252463E+000
 0089  0.2276063120937813E+000
 0090  0.2160103724732676E+000
 0091  0.2160103724732676E+000
 0092  0.2032209492787978E+000
 0093  0.1909941913060953E+000
 0094  0.1795355916961826E+000
 0095  0.1687946103850466E+000
 0096  0.1586560653688243E+000
 0097  0.1490366190259264E+000
 0098  0.1398747734376037E+000
 0099  0.1311241194946316E+000
 0100  0.1227487288417242E+000
 0101  0.1147034047042382E+000
 0102  0.1070187719099912E+000
 0103  0.9971436851117410E-001
 0104  0.9280079497572517E-001
 0105  0.8628150673969030E-001
 0106  0.8015430632641950E-001
 0107  0.7404129077218397E-001
 0108  0.6843836888026660E-001
 0109  0.6330073658340214E-001
 0110  0.5858793880640933E-001
 0111  0.5426367767788267E-001
 0112  0.5029525581925749E-001
 0113  0.4373958525608063E-001
 0114  0.4101359265833447E-001
 0115  0.3846638091667093E-001
 0116  0.3608479663081822E-001
 0117  0.3386223185921024E-001
 0118  0.3179160627100900E-001
 0119  0.2986554643422575E-001
 0120  0.2807653137177530E-001
 0121  0.2641700970266003E-001
 0122  0.2487949290926645E-001
 0123  0.2339846140431388E-001
 0124  0.2204411139889144E-001
 0125  0.2080532159300688E-001
 0126  0.1967200393924206E-001
 0127  0.1863499859993242E-001
 0128  0.1768598079228875E-001
 0129  0.1681737804146558E-001
 0130  0.1537612079556234E-001
 0131  0.1477597211207738E-001
 0132  0.1421837644597822E-001
 0133  0.1370068255248011E-001
 0134  0.1322035597984857E-001
 0135  0.1277498120477696E-001
 0136  0.1236226225776301E-001
 0137  0.1196858410674731E-001
 0138  0.1160675127311971E-001
 0139  0.1127414273724003E-001
 0140  0.1096836018032441E-001
 0141  0.1068706336305900E-001
 0142  0.1042829775385844E-001
 0143  0.1019026296288064E-001
 0144  0.9971301964161130E-002
 0145  0.9603796627177547E-002
 0146  0.9449168201758926E-002
 0147  0.9305266205513422E-002
 0148  0.9171393913542054E-002
 0149  0.9043933792786731E-002
 0150  0.8926034432426316E-002
 0151  0.8816932685468785E-002
 0152  0.8715971281317281E-002
 0153  0.8622542114751053E-002
 0154  0.8536082563725777E-002
 0155  0.8456072083275987E-002
 0156  0.8382029054792725E-002
 0157  0.8313507871507610E-002
 0158  0.8196954878899116E-002
 0159  0.8147290656178587E-002
 0160  0.8099959140812475E-002
 0161  0.8055903559707450E-002
 0162  0.8014896678509079E-002
 0163  0.7976727063451041E-002
 0164  0.7941197979711424E-002
 0165  0.7908126366793014E-002
 0166  0.7877341885541751E-002
 0167  0.7848685998373997E-002
 0168  0.7822011190941072E-002
 0169  0.7797175092593993E-002
 0170  0.7754060266770134E-002
 0171  0.7735352970309598E-002
 0172  0.7717846980115559E-002
 0173  0.7701464939108438E-002
 0174  0.7686134489451641E-002
 0175  0.7671787947954974E-002
 0176  0.7658362002681284E-002
 0177  0.7645795484141753E-002
 0178  0.7634033550587433E-002
 0179  0.7622863864620068E-002
 0180  0.7612434707990782E-002
 0181  0.7594333070042944E-002
 0182  0.7586468315297823E-002
 0183  0.7579071023932169E-002
 0184  0.7572113496036248E-002
 0185  0.7565569662843527E-002
 0186  0.7559414991689518E-002
 0187  0.7553626396417046E-002
 0188  0.7548111642078687E-002
 0189  0.7542935199065458E-002
 0190  0.7533855094063575E-002
 0191  0.7529869128758237E-002
 0192  0.7526104550688910E-002
 0193  0.7522549088533183E-002
 0194  0.7519191147123772E-002
 0195  0.7515982943619713E-002
 0196  0.7512957735966695E-002
 0197  0.7510104928439260E-002
 0198  0.7507414547352545E-002
 0199  0.7504877204685439E-002
 0200  0.7500385515761577E-002
 0201  0.7498395847614294E-002
 0202  0.7496489576763777E-002
 0203  0.7494684787670266E-002
 0204  0.7492976003183234E-002
 0205  0.7491358045841062E-002
 0206  0.7489826021249575E-002
 0207  0.7488375213486709E-002
 0208  0.7485774464362168E-002
 0209  0.7484608845341072E-002
 0210  0.7483501320425985E-002
 0211  0.7482448903833637E-002
 0212  0.7481448824713504E-002
 0213  0.7480498452794267E-002
 0214  0.7479595291289652E-002
 0215  0.7478729403009296E-002
 0216  0.7477175513284286E-002
 0217  0.7476477952974463E-002
 0218  0.7475813002076375E-002
 0219  0.7475179121404506E-002
 0220  0.7474574845087043E-002
 0221  0.7473994035227204E-002
 0222  0.7473440811218618E-002
 0223  0.7472441592526488E-002
 0224  0.7471990149460004E-002
 0225  0.7471558585614333E-002
 0226  0.7471142889550267E-002
 0227  0.7470745805348410E-002
 0228  0.7470366473047154E-002
 0229  0.7470004085815286E-002
 0230  0.7469345742599440E-002
 0231  0.7469044480471457E-002
 0232  0.7468755956448144E-002
 0233  0.7468479623521949E-002
 0234  0.7468214958510006E-002
 0235  0.7467961454443271E-002
 0236  0.7467718633785481E-002
 0237  0.7467272393227931E-002
 0238  0.7467068778517084E-002
 0239  0.7466873304093224E-002
 0240  0.7466685640045155E-002
 0241  0.7466504344259102E-002
 0242  0.7466330380476858E-002
 0243  0.7466011480256250E-002
 0244  0.7465865279121761E-002
 0245  0.7465723794238777E-002
 0246  0.7465587742083994E-002
 0247  0.7465456907789953E-002
 0248  0.7465331087547294E-002
 0249  0.7465098823900862E-002
 0250  0.7464991624364701E-002
 0251  0.7464888336119304E-002
 0252  0.7464788812463787E-002
 0253  0.7464692409731508E-002
 0254  0.7464599555912940E-002
 0255  0.7464428033332814E-002
 0256  0.7464348801053150E-002
 0257  0.7464271933905908E-002
 0258  0.7464197761480246E-002
 0259  0.7464126187333001E-002
 0260  0.7463993189132172E-002
 0261  0.7463931399908456E-002
 0262  0.7463871677060401E-002
 0263  0.7463813950130960E-002
 0264  0.7463757896730468E-002
 0265  0.7463653681467040E-002
 0266  0.7463605230707869E-002
 0267  0.7463558123193760E-002
 0268  0.7463512532784071E-002
 0269  0.7463468409541516E-002
 0270  0.7463385953982764E-002
 0271  0.7463347428746370E-002
 0272  0.7463310090563276E-002
 0273  0.7463273757937926E-002
 0274  0.7463205831523008E-002
 0275  0.7463174077302554E-002
 0276  0.7463143142492613E-002
 0277  0.7463113127626983E-002
 0278  0.7463084004545585E-002
 0279  0.7463029216011819E-002
 0280  0.7463003543645210E-002
 0281  0.7462978603382235E-002
 0282  0.7462954288070337E-002
 0283  0.7462908608364001E-002
 0284  0.7462887078064439E-002
 0285  0.7462866141627122E-002
 0286  0.7462845782202872E-002
 0287  0.7462807323309805E-002
 0288  0.7462789221384943E-002
 0289  0.7462771543701278E-002
 0290  0.7462754337431004E-002
 0291  0.7462721828510273E-002
 0292  0.7462706472364002E-002
 0293  0.7462691510499653E-002
 0294  0.7462676889524856E-002
 0295  0.7462649218097398E-002
 0296  0.7462636124777947E-002
 0297  0.7462623357133899E-002
 0298  0.7462599115752833E-002
 0299  0.7462587641268421E-002
 0300  0.7462576412186306E-002
 0301  0.7462565453827933E-002
 0302  0.7462544617690567E-002
 0303  0.7462534739065618E-002
 0304  0.7462525066150952E-002
 0305  0.7462506671007163E-002
 0306  0.7462497925035145E-002
 0307  0.7462489356620670E-002
 0308  0.7462480982616407E-002
 0309  0.7462465035403041E-002
 0310  0.7462457442728241E-002
 0311  0.7462450000091049E-002
 0312  0.7462435808036721E-002
 0313  0.7462429042212736E-002
 0314  0.7462422406732980E-002
 0315  0.7462409738413556E-002
 0316  0.7462403692855430E-002
 0317  0.7462397765730626E-002
 0318  0.7462386451967750E-002
 0319  0.7462381055121120E-002
 0320  0.7462375769618670E-002
 0321  0.7462365683606142E-002
 0322  0.7462360873978641E-002
 0323  0.7462356167870246E-002
 0324  0.7462347189237523E-002
 0325  0.7462342911297283E-002
 0326  0.7462334748496772E-002
 0327  0.7462330856009450E-002
 0328  0.7462327051788786E-002
 0329  0.7462319798265096E-002
 0330  0.7462316342690759E-002
 0331  0.7462312961373268E-002
 0332  0.7462306522163274E-002
 0333  0.7462303451840970E-002
 0334  0.7462297605734572E-002
 0335  0.7462294817387020E-002
 0336  0.7462292095803965E-002
 0337  0.7462286908177148E-002
 0338  0.7462284437396364E-002
 0339  0.7462279734557016E-002
 0340  0.7462277490549808E-002
 0341  0.7462273219305886E-002
 0342  0.7462271187897715E-002
 0343  0.7462269199035049E-002
 0344  0.7462265414255822E-002
 0345  0.7462263614633861E-002
 0346  0.7462260189600478E-002
 0347  0.7462258553966072E-002
 0348  0.7462255440950609E-002
 0349  0.7462253960495380E-002
 0350  0.7462251142477999E-002
 0351  0.7462249802140104E-002
 0352  0.7462247250521165E-002
 0353  0.7462246036709928E-002
 0354  0.7462243724847026E-002
 0355  0.7462242624163669E-002
 0356  0.7462240525842020E-002
 0357  0.7462239525913053E-002
 0358  0.7462237618012298E-002
 0359  0.7462236708040174E-002
 0360  0.7462234974180769E-002
 0361  0.7462234148330901E-002
 0362  0.7462232569713617E-002
 0363  0.7462231815428895E-002
 0364  0.7462230378752199E-002
 0365  0.7462229036407557E-002
 0366  0.7462228395318861E-002
 0367  0.7462227169388071E-002
 0368  0.7462226583375499E-002
 0369  0.7462225464105690E-002
 0370  0.7462224416614815E-002
 0371  0.7462223916016995E-002
 0372  0.7462222956280230E-002
 0373  0.7462222498099891E-002
 0374  0.7462221618901975E-002
 0375  0.7462220796127694E-002
 0376  0.7462220402577349E-002
 0377  0.7462219648830214E-002
 0378  0.7462218941486148E-002
 0379  0.7462218602499112E-002
 0380  0.7462217952070028E-002
 0381  0.7462217341119266E-002
 0382  0.7462217048274365E-002
 0383  0.7462216486220741E-002
 0384  0.7462215958469990E-002
 0385  0.7462215462207987E-002
 0386  0.7462215224305992E-002
 0387  0.7462214767596987E-002
 0388  0.7462214337374816E-002
 0389  0.7462213932059295E-002
 0390  0.7462213737823903E-002
 0391  0.7462213364112785E-002
 0392  0.7462213012396977E-002
 0393  0.7462212681124994E-002
 0394  0.7462212368519026E-002
 0395  0.7462212074076810E-002
 0396  0.7462211932614714E-002
 0397  0.7462211660537899E-002
 0398  0.7462211404022008E-002
 0399  0.7462211161993556E-002
 0400  0.7462210933626091E-002
 0401  0.7462210718149516E-002
 0402  0.7462210514777946E-002
 0403  0.7462210322787547E-002
 0404  0.7462210141535907E-002
 0405  0.7462209969892871E-002
 0406  0.7462209804079451E-002
 0407  0.7462209643268779E-002
 0408  0.7462209487255633E-002
 0409  0.7462209335845400E-002
 0410  0.7462209188853396E-002
 0411  0.7462209046104280E-002
 0412  0.7462208907431473E-002
 0413  0.7462208772676636E-002
 0414  0.7462208641689188E-002
 0415  0.7462208514325840E-002
 0416  0.7462208330422724E-002
 0417  0.7462208212362320E-002
 0418  0.7462208097438390E-002
 0419  0.7462207985537566E-002
 0420  0.7462207876551650E-002
 0421  0.7462207718845384E-002
 0422  0.7462207617389024E-002
 0423  0.7462207518476497E-002
 0424  0.7462207375161052E-002
 0425  0.7462207282845358E-002
 0426  0.7462207192760903E-002
 0427  0.7462207062079772E-002
 0428  0.7462206977803168E-002
 0429  0.7462206855444075E-002
 0430  0.7462206776469025E-002
 0431  0.7462206661715555E-002
 0432  0.7462206587591365E-002
 0433  0.7462206479804832E-002
 0434  0.7462206410129092E-002
 0435  0.7462206308738433E-002
 0436  0.7462206211173838E-002
 0437  0.7462206148032806E-002
 0438  0.7462206056048517E-002
 0439  0.7462205967414580E-002
 0440  0.7462205881965002E-002
 0441  0.7462205799544331E-002
 0442  0.7462205720006829E-002
 0443  0.7462205643215742E-002
 0444  0.7462205569042631E-002
 0445  0.7462205497366741E-002
 0446  0.7462205428074483E-002
 0447  0.7462205361058872E-002
 0448  0.7462205296219085E-002
 0449  0.7462205233460008E-002
 0450  0.7462205153008159E-002
 0451  0.7462205094972694E-002
 0452  0.7462205038727722E-002
 0453  0.7462204966519542E-002
 0454  0.7462204897436054E-002
 0455  0.7462204847500836E-002
 0456  0.7462204783295351E-002
 0457  0.7462204721762488E-002
 0458  0.7462204662755654E-002
 0459  0.7462204606138533E-002
 0460  0.7462204551784236E-002
 0461  0.7462204499574461E-002
 0462  0.7462204449398840E-002
 0463  0.7462204401154250E-002
 0464  0.7462204343487476E-002
 0465  0.7462204288642071E-002
 0466  0.7462204246637661E-002
 0467  0.7462204196337956E-002
 0468  0.7462204148404730E-002
 0469  0.7462204093861008E-002
 0470  0.7462204050732136E-002
 0471  0.7462204001580823E-002
 0472  0.7462203962659429E-002
 0473  0.7462203918242177E-002
 0474  0.7462203869450038E-002
 0475  0.7462203830042815E-002
 0476  0.7462203786679881E-002
 0477  0.7462203745959411E-002
 0478  0.7462203707686861E-002
 0479  0.7462203666743238E-002
 0480  0.7462203624007993E-002
 0481  0.7462203588730947E-002
 0482  0.7462203547923429E-002
 0483  0.7462203510478118E-002
 0484  0.7462203476075195E-002
 0485  0.7462203438441402E-002
 0486  0.7462203401730585E-002
 0487  0.7462203366392847E-002
 0488  0.7462203332791442E-002
 0489  0.7462203297552797E-002
 0490  0.7462203265540146E-002
 0491  0.7462203231513222E-002
 0492  0.7462203199252030E-002
 0493  0.7462203167030449E-002
 0494  0.7462203150069899E-002
 0495  0.7462203150069899E-002
 0496  0.7462203150069899E-002
 0497  0.7462203150069899E-002
 0498  0.7462203150069899E-002
 0499  0.7462203150069899E-002
 0500  0.7462203150069899E-002
 0501  0.7462203150069899E-002
 0502  0.7462203150069899E-002
 0503  0.7462203150069899E-002
 0504  0.7462203150069899E-002
 0505  0.7462203150069899E-002
 0506  0.7462203150069899E-002
 0507  0.7462203150069899E-002
 0508  0.7462203150069899E-002
 0509  0.7462203150069899E-002
 0510  0.7462203150069899E-002
 0511  0.7462203150069899E-002
 0512  0.7462203150069899E-002
 0513  0.7462203150069899E-002
 0514  0.7462203150069899E-002
 0515  0.7462203150069899E-002
 0516  0.7462203150069899E-002
 0517  0.7462203150069899E-002
 0518  0.7462203150069899E-002
 0519  0.7462203150069899E-002
 0520  0.7462203150069899E-002
 0521  0.7462203150069899E-002
 0522  0.7462203150069899E-002
 0523  0.7462203150069899E-002
 0524  0.7462203150069899E-002
 0525  0.7462203150069899E-002
 0526  0.7462203150069899E-002
 0527  0.7462203150069899E-002
 0528  0.7462203150069899E-002
 0529  0.7462203150069899E-002
 0530  0.7462203150069899E-002
 0531  0.7462203150069899E-002
 0532  0.7462203150069899E-002
 0533  0.7462203150069899E-002
 0534  0.7462203150069899E-002
 0535  0.7462203150069899E-002
 0536  0.7462203150069899E-002
 0537  0.7462203150069899E-002
 0538  0.7462203150069899E-002
 0539  0.7462203150069899E-002
 0540  0.7462203150069899E-002
 0541  0.7462203150069899E-002
 0542  0.7462203150069899E-002
 0543  0.7462203150069899E-002
 0544  0.7462203150069899E-002
 0545  0.7462203150069899E-002
 0546  0.7462203150069899E-002
 0547  0.7462203150069899E-002
 0548  0.7462203150069899E-002
 0549  0.7462203150069899E-002
 0550  0.7462203150069899E-002
 0551  0.7462203150069899E-002
 0552  0.7462203150069899E-002
 0553  0.7462203150069899E-002
 0554  0.7462203150069899E-002
 0555  0.7462203150069899E-002
 0556  0.7462203150069899E-002
 0557  0.7462203150069899E-002
 0558  0.7462203150069899E-002
 0559  0.7462203150069899E-002
 0560  0.7462203150069899E-002
 0561  0.7462203150069899E-002
 0562  0.7462203150069899E-002
 0563  0.7462203150069899E-002
 0564  0.7462203150069899E-002
 0565  0.7462203150069899E-002
 0566  0.7462203150069899E-002
 0567  0.7462203150069899E-002
 0568  0.7462203150069899E-002
 0569  0.7462203150069899E-002
 0570  0.7462203150069899E-002
 0571  0.7462203150069899E-002
 0572  0.7462203150069899E-002
 0573  0.7462203150069899E-002
 0574  0.7462203150069899E-002
 0575  0.7462203150069899E-002
 0576  0.7462203150069899E-002
 0577  0.7462203150069899E-002
 0578  0.7462203150069899E-002
 0579  0.7462203150069899E-002
 0580  0.7462203150069899E-002
 0581  0.7462203150069899E-002
 0582  0.7462203150069899E-002
 0583  0.7462203150069899E-002
 0584  0.7462203150069899E-002
 0585  0.7462203150069899E-002
 0586  0.7462203150069899E-002
 0587  0.7462203150069899E-002
 0588  0.7462203150069899E-002
 0589  0.7462203150069899E-002
 0590  0.7462203150069899E-002
 0591  0.7462203150069899E-002
 0592  0.7462203150069899E-002
 0593  0.7462203150069899E-002
 0594  0.7462203150069899E-002
 0595  0.7462203150069899E-002
 0596  0.7462203150069899E-002
 0597  0.7462203150069899E-002
 0598  0.7462203150069899E-002
 0599  0.7462203150069899E-002
 0600  0.7462203150069899E-002
 0601  0.7462203150069899E-002
 0602  0.7462203150069899E-002
 0603  0.7462203150069899E-002
 0604  0.7462203150069899E-002
 0605  0.7462203150069899E-002
 0606  0.7462203150069899E-002
 0607  0.7462203150069899E-002
 0608  0.7462203150069899E-002
 0609  0.7462203150069899E-002
 0610  0.7462203150069899E-002
 0611  0.7462203150069899E-002
 0612  0.7462203150069899E-002
 0613  0.7462203150069899E-002
 0614  0.7462203150069899E-002
 0615  0.7462203150069899E-002
 0616  0.7462203150069899E-002
 0617  0.7462203150069899E-002
 0618  0.7462203150069899E-002
 0619  0.7462203150069899E-002
 0620  0.7462203150069899E-002
 0621  0.7462203150069899E-002
 0622  0.7462203150069899E-002
 0623  0.7462203150069899E-002
 0624  0.7462203150069899E-002
 0625  0.7462203150069899E-002
 0626  0.7462203150069899E-002
 0627  0.7462203150069899E-002
 0628  0.7462203150069899E-002
 0629  0.7462203150069899E-002
 0630  0.7462203150069899E-002
 0631  0.7462203150069899E-002
 0632  0.7462203150069899E-002
 0633  0.7462203150069899E-002
 0634  0.7462203150069899E-002
 0635  0.7462203150069899E-002
 0636  0.7462203150069899E-002
 0637  0.7462203150069899E-002
 0638  0.7462203150069899E-002
 0639  0.7462203150069899E-002
 0640  0.7462203150069899E-002
 0641  0.7462203150069899E-002
 0642  0.7462203150069899E-002
 0643  0.7462203150069899E-002
 0644  0.7462203150069899E-002
 0645  0.7462203150069899E-002
 0646  0.7462203150069899E-002
 0647  0.7462203150069899E-002
 0648  0.7462203150069899E-002
 0649  0.7462203150069899E-002
 0650  0.7462203150069899E-002
 0651  0.7462203150069899E-002
 0652  0.7462203150069899E-002
 0653  0.7462203150069899E-002
 0654  0.7462203150069899E-002
 0655  0.7462203150069899E-002
 0656  0.7462203150069899E-002
 0657  0.7462203150069899E-002
 0658  0.7462203150069899E-002
 0659  0.7462203150069899E-002
 0660  0.7462203150069899E-002
 0661  0.7462203150069899E-002
 0662  0.7462203150069899E-002
 0663  0.7462203150069899E-002
 0664  0.7462203150069899E-002
 0665  0.7462203150069899E-002
 0666  0.7462203150069899E-002
 0667  0.7462203150069899E-002
 0668  0.7462203150069899E-002
 0669  0.7462203150069899E-002
 0670  0.7462203150069899E-002
 0671  0.7462203150069899E-002
 0672  0.7462203150069899E-002
 0673  0.7462203150069899E-002
 0674  0.7462203150069899E-002
 0675  0.7462203150069899E-002
 0676  0.7462203150069899E-002
 0677  0.7462203150069899E-002
 0678  0.7462203150069899E-002
 0679  0.7462203150069899E-002
 0680  0.7462203150069899E-002
 0681  0.7462203150069899E-002
 0682  0.7462203150069899E-002
 0683  0.7462203150069899E-002
 0684  0.7462203150069899E-002
 0685  0.7462203150069899E-002
 0686  0.7462203150069899E-002
 0687  0.7462203150069899E-002
 0688  0.7462203150069899E-002
 0689  0.7462203150069899E-002
 0690  0.7462203150069899E-002
 0691  0.7462203150069899E-002
 0692  0.7462203150069899E-002
 0693  0.7462203150069899E-002
 0694  0.7462203150069899E-002
 0695  0.7462203150069899E-002
 0696  0.7462203150069899E-002
 0697  0.7462203150069899E-002
 0698  0.7462203150069899E-002
 0699  0.7462203150069899E-002
 0700  0.7462203150069899E-002
 0701  0.7462203150069899E-002
 0702  0.7462203150069899E-002
 0703  0.7462203150069899E-002
 0704  0.7462203150069899E-002
 0705  0.7462203150069899E-002
 0706  0.7462203150069899E-002
 0707  0.7462203150069899E-002
 0708  0.7462203150069899E-002
 0709  0.7462203150069899E-002
 0710  0.7462203150069899E-002
 0711  0.7462203150069899E-002
 0712  0.7462203150069899E-002
 0713  0.7462203150069899E-002
 0714  0.7462203150069899E-002
 0715  0.7462203150069899E-002
 0716  0.7462203150069899E-002
 0717  0.7462203150069899E-002
 0718  0.7462203150069899E-002
 0719  0.7462203150069899E-002
 0720  0.7462203150069899E-002
 0721  0.7462203150069899E-002
 0722  0.7462203150069899E-002
 0723  0.7462203150069899E-002
 0724  0.7462203150069899E-002
 0725  0.7462203150069899E-002
 0726  0.7462203150069899E-002
 0727  0.7462203150069899E-002
 0728  0.7462203150069899E-002
 0729  0.7462203150069899E-002
 0730  0.7462203150069899E-002
 0731  0.7462203150069899E-002
 0732  0.7462203150069899E-002
 0733  0.7462203150069899E-002
 0734  0.7462203150069899E-002
 0735  0.7462203150069899E-002
 0736  0.7462203150069899E-002
 0737  0.7462203150069899E-002
 0738  0.7462203150069899E-002
 0739  0.7462203150069899E-002
 0740  0.7462203150069899E-002
 0741  0.7462203150069899E-002
 0742  0.7462203150069899E-002
 0743  0.7462203150069899E-002
 0744  0.7462203150069899E-002
 0745  0.7462203150069899E-002
 0746  0.7462203150069899E-002
 0747  0.7462203150069899E-002
 0748  0.7462203150069899E-002
 0749  0.7462203150069899E-002
 0750  0.7462203150069899E-002
 0751  0.7462203150069899E-002
 0752  0.7462203150069899E-002
 0753  0.7462203150069899E-002
 0754  0.7462203150069899E-002
 0755  0.7462203150069899E-002
 0756  0.7462203150069899E-002
 0757  0.7462203150069899E-002
 0758  0.7462203150069899E-002
 0759  0.7462203150069899E-002
 0760  0.7462203150069899E-002
 0761  0.7462203150069899E-002
 0762  0.7462203150069899E-002
 0763  0.7462203150069899E-002
 0764  0.7462203150069899E-002
 0765  0.7462203150069899E-002
 0766  0.7462203150069899E-002
 0767  0.7462203150069899E-002
 0768  0.7462203150069899E-002
 0769  0.7462203150069899E-002
 0770  0.7462203150069899E-002
 0771  0.7462203150069899E-002
 0772  0.7462203150069899E-002
 0773  0.7462203150069899E-002
 0774  0.7462203150069899E-002
 0775  0.7462203150069899E-002
 0776  0.7462203150069899E-002
 0777  0.7462203150069899E-002
 0778  0.7462203150069899E-002
 0779  0.7462203150069899E-002
 0780  0.7462203150069899E-002
 0781  0.7462203150069899E-002
 0782  0.7462203150069899E-002
 0783  0.7462203150069899E-002
 0784  0.7462203150069899E-002
 0785  0.7462203150069899E-002
 0786  0.7462203150069899E-002
 0787  0.7462203150069899E-002
 0788  0.7462203150069899E-002
 0789  0.7462203150069899E-002
 0790  0.7462203150069899E-002
 0791  0.7462203150069899E-002
 0792  0.7462203150069899E-002
 0793  0.7462203150069899E-002
 0794  0.7462203150069899E-002
 0795  0.7462203150069899E-002
 0796  0.7462203150069899E-002
 0797  0.7462203150069899E-002
 0798  0.7462203150069899E-002
 0799  0.7462203150069899E-002
 0800  0.7462203150069899E-002
 0801  0.7462203150069899E-002
 0802  0.7462203150069899E-002
 0803  0.7462203150069899E-002
 0804  0.7462203150069899E-002
 0805  0.7462203150069899E-002
 0806  0.7462203150069899E-002
 0807  0.7462203150069899E-002
 0808  0.7462203150069899E-002
 0809  0.7462203150069899E-002
 0810  0.7462203150069899E-002
 0811  0.7462203150069899E-002
 0812  0.7462203150069899E-002
 0813  0.7462203150069899E-002
 0814  0.7462203150069899E-002
 0815  0.7462203150069899E-002
 0816  0.7462203150069899E-002
 0817  0.7462203150069899E-002
 0818  0.7462203150069899E-002
 0819  0.7462203150069899E-002
 0820  0.7462203150069899E-002
 0821  0.7462203150069899E-002
 0822  0.7462203150069899E-002
 0823  0.7462203150069899E-002
 0824  0.7462203150069899E-002
 0825  0.7462203150069899E-002
 0826  0.7462203150069899E-002
 0827  0.7462203150069899E-002
 0828  0.7462203150069899E-002
 0829  0.7462203150069899E-002
 0830  0.7462203150069899E-002
 0831  0.7462203150069899E-002
 0832  0.7462203150069899E-002
 0833  0.7462203150069899E-002
 0834  0.7462203150069899E-002
 0835  0.7462203150069899E-002
 0836  0.7462203150069899E-002
 0837  0.7462203150069899E-002
 0838  0.7462203150069899E-002
 0839  0.7462203150069899E-002
 0840  0.7462203150069899E-002
 0841  0.7462203150069899E-002
 0842  0.7462203150069899E-002
 0843  0.7462203150069899E-002
 0844  0.7462203150069899E-002
 0845  0.7462203150069899E-002
 0846  0.7462203150069899E-002
 0847  0.7462203150069899E-002
 0848  0.7462203150069899E-002
 0849  0.7462203150069899E-002
 0850  0.7462203150069899E-002
 0851  0.7462203150069899E-002
 0852  0.7462203150069899E-002
 0853  0.7462203150069899E-002
 0854  0.7462203150069899E-002
 0855  0.7462203150069899E-002
 0856  0.7462203150069899E-002
 0857  0.7462203150069899E-002
 0858  0.7462203150069899E-002
 0859  0.7462203150069899E-002
 0860  0.7462203150069899E-002
 0861  0.7462203150069899E-002
 0862  0.7462203150069899E-002
 0863  0.7462203150069899E-002
 0864  0.7462203150069899E-002
 0865  0.7462203150069899E-002
 0866  0.7462203150069899E-002
 0867  0.7462203150069899E-002
 0868  0.7462203150069899E-002
 0869  0.7462203150069899E-002
 0870  0.7462203150069899E-002
 0871  0.7462203150069899E-002
 0872  0.7462203150069899E-002
 0873  0.7462203150069899E-002
 0874  0.7462203150069899E-002
 0875  0.7462203150069899E-002
 0876  0.7462203150069899E-002
 0877  0.7462203150069899E-002
 0878  0.7462203150069899E-002
 0879  0.7462203150069899E-002
 0880  0.7462203150069899E-002
 0881  0.7462203150069899E-002
 0882  0.7462203150069899E-002
 0883  0.7462203150069899E-002
 0884  0.7462203150069899E-002
 0885  0.7462203150069899E-002
 0886  0.7462203150069899E-002
 0887  0.7462203150069899E-002
 0888  0.7462203150069899E-002
 0889  0.7462203150069899E-002
 0890  0.7462203150069899E-002
 0891  0.7462203150069899E-002
 0892  0.7462203150069899E-002
 0893  0.7462203150069899E-002
 0894  0.7462203150069899E-002
 0895  0.7462203150069899E-002
 0896  0.7462203150069899E-002
 0897  0.7462203150069899E-002
 0898  0.7462203150069899E-002
 0899  0.7462203150069899E-002
 0900  0.7462203150069899E-002
 0901  0.7462203150069899E-002
 0902  0.7462203150069899E-002
 0903  0.7462203150069899E-002
 0904  0.7462203150069899E-002
 0905  0.7462203150069899E-002
 0906  0.7462203150069899E-002
 0907  0.7462203150069899E-002
 0908  0.7462203150069899E-002
 0909  0.7462203150069899E-002
 0910  0.7462203150069899E-002
 0911  0.7462203150069899E-002
 0912  0.7462203150069899E-002
 0913  0.7462203150069899E-002
 0914  0.7462203150069899E-002
 0915  0.7462203150069899E-002
 0916  0.7462203150069899E-002
 0917  0.7462203150069899E-002
 0918  0.7462203150069899E-002
 0919  0.7462203150069899E-002
 0920  0.7462203150069899E-002
 0921  0.7462203150069899E-002
 0922  0.7462203150069899E-002
 0923  0.7462203150069899E-002
 0924  0.7462203150069899E-002
 0925  0.7462203150069899E-002
 0926  0.7462203150069899E-002
 0927  0.7462203150069899E-002
 0928  0.7462203150069899E-002
 0929  0.7462203150069899E-002
 0930  0.7462203150069899E-002
 0931  0.7462203150069899E-002
 0932  0.7462203150069899E-002
 0933  0.7462203150069899E-002
 0934  0.7462203150069899E-002
 0935  0.7462203150069899E-002
 0936  0.7462203150069899E-002
 0937  0.7462203150069899E-002
 0938  0.7462203150069899E-002
 0939  0.7462203150069899E-002
 0940  0.7462203150069899E-002
 0941  0.7462203150069899E-002
 0942  0.7462203150069899E-002
 0943  0.7462203150069899E-002
 0944  0.7462203150069899E-002
 0945  0.7462203150069899E-002
 0946  0.7462203150069899E-002
 0947  0.7462203150069899E-002
 0948  0.7462203150069899E-002
 0949  0.7462203150069899E-002
 0950  0.7462203150069899E-002
 0951  0.7462203150069899E-002
 0952  0.7462203150069899E-002
 0953  0.7462203150069899E-002
 0954  0.7462203150069899E-002
 0955  0.7462203150069899E-002
 0956  0.7462203150069899E-002
 0957  0.7462203150069899E-002
 0958  0.7462203150069899E-002
 0959  0.7462203150069899E-002
 0960  0.7462203150069899E-002
 0961  0.7462203150069899E-002
 0962  0.7462203150069899E-002
 0963  0.7462203150069899E-002
 0964  0.7462203150069899E-002
 0965  0.7462203150069899E-002
 0966  0.7462203150069899E-002
 0967  0.7462203150069899E-002
 0968  0.7462203150069899E-002
 0969  0.7462203150069899E-002
 0970  0.7462203150069899E-002
 0971  0.7462203150069899E-002
 0972  0.7462203150069899E-002
 0973  0.7462203150069899E-002
 0974  0.7462203150069899E-002
 0975  0.7462203150069899E-002
 0976  0.7462203150069899E-002
 0977  0.7462203150069899E-002
 0978  0.7462203150069899E-002
 0979  0.7462203150069899E-002
 0980  0.7462203150069899E-002
 0981  0.7462203150069899E-002
 0982  0.7462203150069899E-002
 0983  0.7462203150069899E-002
 0984  0.7462203150069899E-002
 0985  0.7462203150069899E-002
 0986  0.7462203150069899E-002
 0987  0.7462203150069899E-002
 0988  0.7462203150069899E-002
 0989  0.7462203150069899E-002
 0990  0.7462203150069899E-002
 0991  0.7462203150069899E-002
 0992  0.7462203150069899E-002
 0993  0.7462203150069899E-002
 0994  0.7462203150069899E-002
 0995  0.7462203150069899E-002
 0996  0.7462203150069899E-002
 0997  0.7462203150069899E-002
 0998  0.7462203150069899E-002
 0999  0.7462203150069899E-002
 1000  0.7462203150069899E-002
