 0001  0.7729672742795166E-002
 0002  0.8032900756420998E-002
 0003  0.8032900756420998E-002
 0004  0.8409575159409011E-002
 0005  0.8409575159409013E-002
 0006  0.8777502470878738E-002
 0007  0.8777502470878738E-002
 0008  0.8777502470878738E-002
 0009  0.9243187980810598E-002
 0010  0.9243187980810599E-002
 0011  0.9792967258559897E-002
 0012  0.9792967258559895E-002
 0013  0.1032997962244620E-001
 0014  0.1032997962244620E-001
 0015  0.1097373415189431E-001
 0016  0.1097373415189431E-001
 0017  0.1174197132290280E-001
 0018  0.1174197132290280E-001
 0019  0.1249236857490097E-001
 0020  0.1249236857490097E-001
 0021  0.1339874769041947E-001
 0022  0.1339874769041947E-001
 0023  0.1444948294741706E-001
 0024  0.1444948294741705E-001
 0025  0.1547581814595155E-001
 0026  0.1547581814595155E-001
 0027  0.1668515378481790E-001
 0028  0.1805536753461032E-001
 0029  0.1805536753461032E-001
 0030  0.1963163007393815E-001
 0031  0.1963163007393815E-001
 0032  0.2117128881810765E-001
 0033  0.2286517918163231E-001
 0034  0.2286517918163231E-001
 0035  0.2476804248159366E-001
 0036  0.2476804248159365E-001
 0037  0.2662671769948855E-001
 0038  0.2863868966149063E-001
 0039  0.2863868966149064E-001
 0040  0.3086144819152037E-001
 0041  0.3086144819152037E-001
 0042  0.3327851237944197E-001
 0043  0.3553969994129814E-001
 0044  0.3553969994129814E-001
 0045  0.3799920643658412E-001
 0046  0.4052181808873457E-001
 0047  0.4052181808873457E-001
 0048  0.4319747340331077E-001
 0049  0.4568444227668334E-001
 0050  0.4568444227668334E-001
 0051  0.4831749227833949E-001
 0052  0.5093997905983452E-001
 0053  0.5351587786308039E-001
 0054  0.5351587786308040E-001
 0055  0.5603195942789672E-001
 0056  0.5847806364616653E-001
 0057  0.5847806364616652E-001
 0058  0.6095854824968473E-001
 0059  0.6328960077700753E-001
 0060  0.6542754349883212E-001
 0061  0.6542754349883212E-001
 0062  0.6754147605716250E-001
 0063  0.6949169532750636E-001
 0064  0.7125216726110299E-001
 0065  0.7125216726110299E-001
 0066  0.7291114593442927E-001
 0067  0.7441332158477808E-001
 0068  0.7565942877832518E-001
 0069  0.7565942877832518E-001
 0070  0.7670541570568597E-001
 0071  0.7742987999359863E-001
 0072  0.7789178340571359E-001
 0073  0.7789178340571358E-001
 0074  0.7808379041884540E-001
 0075  0.7825450393755451E-001
 0076  0.7806898767398655E-001
 0077  0.7753282047361673E-001
 0078  0.7753282047361673E-001
 0079  0.7657613595203420E-001
 0080  0.7528884308941244E-001
 0081  0.7370563636729925E-001
 0082  0.7231532091309620E-001
 0083  0.7058411626002828E-001
 0084  0.7058411626002828E-001
 0085  0.6834346887099570E-001
 0086  0.6587803667021463E-001
 0087  0.6325163415032291E-001
 0088  0.6051972583062291E-001
 0089  0.5772672768430103E-001
 0090  0.5772672768430104E-001
 0091  0.5454206955676873E-001
 0092  0.5141669447582341E-001
 0093  0.4836744579139508E-001
 0094  0.4546507827704371E-001
 0095  0.4271455180105393E-001
 0096  0.4009891363731333E-001
 0097  0.3760525817867083E-001
 0098  0.3522348564550865E-001
 0099  0.3294499699777983E-001
 0100  0.3076289356562817E-001
 0101  0.2867875850313119E-001
 0102  0.2669564986113316E-001
 0103  0.2481527901233602E-001
 0104  0.2303816275864280E-001
 0105  0.2135736556656291E-001
 0106  0.1977484878444236E-001
 0107  0.1829072712132447E-001
 0108  0.1690369089141382E-001
 0109  0.1561135121016915E-001
 0110  0.1441052105965378E-001
 0111  0.1323489494898687E-001
 0112  0.1216605070918181E-001
 0113  0.1119388824298070E-001
 0114  0.1030936601944813E-001
 0115  0.9504370943218626E-002
 0116  0.8771606943920759E-002
 0117  0.7575093145494695E-002
 0118  0.7083573963631286E-002
 0119  0.6627034258047028E-002
 0120  0.6203628072928091E-002
 0121  0.5811498136251218E-002
 0122  0.5448800675150642E-002
 0123  0.5113724829521732E-002
 0124  0.4804507570961766E-002
 0125  0.4519444896553984E-002
 0126  0.4247160977387204E-002
 0127  0.3999072515757448E-002
 0128  0.3772976573630137E-002
 0129  0.3566880031748988E-002
 0130  0.3378978222079724E-002
 0131  0.3207635918080722E-002
 0132  0.3051370401794661E-002
 0133  0.2793451340474944E-002
 0134  0.2686637384772728E-002
 0135  0.2587729128491341E-002
 0136  0.2496196151787971E-002
 0137  0.2411536476628224E-002
 0138  0.2333276070705690E-002
 0139  0.2260968174667073E-002
 0140  0.2192349215893577E-002
 0141  0.2129422825027019E-002
 0142  0.2071708653728277E-002
 0143  0.2018768030976606E-002
 0144  0.1970178775052443E-002
 0145  0.1925582951848261E-002
 0146  0.1884651918541371E-002
 0147  0.1847084106255015E-002
 0148  0.1784229456847512E-002
 0149  0.1757870302667692E-002
 0150  0.1733390163565242E-002
 0151  0.1710662067274953E-002
 0152  0.1689099368324601E-002
 0153  0.1669185605562531E-002
 0154  0.1650787652797494E-002
 0155  0.1633789749812922E-002
 0156  0.1618085008083290E-002
 0157  0.1603574728299007E-002
 0158  0.1590167770601549E-002
 0159  0.1577779973440817E-002
 0160  0.1566333617285079E-002
 0161  0.1546906636928336E-002
 0162  0.1538647701828595E-002
 0163  0.1530797771572996E-002
 0164  0.1523500040415345E-002
 0165  0.1516715525357586E-002
 0166  0.1510408006307022E-002
 0167  0.1504543829413561E-002
 0168  0.1499091724470609E-002
 0169  0.1494022635368852E-002
 0170  0.1489309558167436E-002
 0171  0.1484927401120451E-002
 0172  0.1480852848539168E-002
 0173  0.1473794243254300E-002
 0174  0.1470737775390568E-002
 0175  0.1467880237386268E-002
 0176  0.1465208638208593E-002
 0177  0.1462710838676584E-002
 0178  0.1460375495324180E-002
 0179  0.1458192007985380E-002
 0180  0.1456150190390985E-002
 0181  0.1454240866252473E-002
 0182  0.1452455450829324E-002
 0183  0.1450762825235690E-002
 0184  0.1447828823066712E-002
 0185  0.1446555817647533E-002
 0186  0.1445359684852984E-002
 0187  0.1444235649003014E-002
 0188  0.1443179370368705E-002
 0189  0.1442186769486417E-002
 0190  0.1441254011653854E-002
 0191  0.1440366791975224E-002
 0192  0.1439534613716123E-002
 0193  0.1438753998030727E-002
 0194  0.1437386044034836E-002
 0195  0.1436786157432864E-002
 0196  0.1436219965423307E-002
 0197  0.1435685577785322E-002
 0198  0.1435181209909491E-002
 0199  0.1434699927781502E-002
 0200  0.1434246361253939E-002
 0201  0.1433818891220112E-002
 0202  0.1433415994458695E-002
 0203  0.1432703442567350E-002
 0204  0.1432388138376930E-002
 0205  0.1432089387827590E-002
 0206  0.1431803507256451E-002
 0207  0.1431532999668405E-002
 0208  0.1431277027534246E-002
 0209  0.1431034799559636E-002
 0210  0.1430805568084797E-002
 0211  0.1430588615080504E-002
 0212  0.1430200128216849E-002
 0213  0.1430026204820290E-002
 0214  0.1429861035347233E-002
 0215  0.1429704167044179E-002
 0216  0.1429555178553385E-002
 0217  0.1429413670108845E-002
 0218  0.1429279262422677E-002
 0219  0.1429150531017019E-002
 0220  0.1428919678997898E-002
 0221  0.1428816123807504E-002
 0222  0.1428717457826883E-002
 0223  0.1428623448169279E-002
 0224  0.1428533869993901E-002
 0225  0.1428447852718151E-002
 0226  0.1428365958126549E-002
 0227  0.1428218142198001E-002
 0228  0.1428151407083782E-002
 0229  0.1428087640628824E-002
 0230  0.1428026273839537E-002
 0231  0.1427967679756361E-002
 0232  0.1427911729672300E-002
 0233  0.1427858302486587E-002
 0234  0.1427761305809934E-002
 0235  0.1427716967243730E-002
 0236  0.1427674521195509E-002
 0237  0.1427633885774212E-002
 0238  0.1427594982683687E-002
 0239  0.1427557736306769E-002
 0240  0.1427521853183485E-002
 0241  0.1427456425078029E-002
 0242  0.1427426588728021E-002
 0243  0.1427397956760453E-002
 0244  0.1427370479997883E-002
 0245  0.1427343956686580E-002
 0246  0.1427318515880874E-002
 0247  0.1427271906318739E-002
 0248  0.1427250551053185E-002
 0249  0.1427229900911232E-002
 0250  0.1427210051266463E-002
 0251  0.1427190970369435E-002
 0252  0.1427172627989976E-002
 0253  0.1427138710787580E-002
 0254  0.1427123114608904E-002
 0255  0.1427108093178688E-002
 0256  0.1427093624888724E-002
 0257  0.1427079620984328E-002
 0258  0.1427053768497850E-002
 0259  0.1427041833941919E-002
 0260  0.1427030265366086E-002
 0261  0.1427019106892808E-002
 0262  0.1427008343746139E-002
 0263  0.1426997961632130E-002
 0264  0.1426978684814802E-002
 0265  0.1426969736262785E-002
 0266  0.1426961090424966E-002
 0267  0.1426952736912060E-002
 0268  0.1426944632126779E-002
 0269  0.1426929572554260E-002
 0270  0.1426922575602878E-002
 0271  0.1426915778236861E-002
 0272  0.1426909202468666E-002
 0273  0.1426896946712169E-002
 0274  0.1426891213820077E-002
 0275  0.1426885660063669E-002
 0276  0.1426880279764430E-002
 0277  0.1426875048903818E-002
 0278  0.1426865275700590E-002
 0279  0.1426860710015183E-002
 0280  0.1426856266129911E-002
 0281  0.1426851956306234E-002
 0282  0.1426843870299061E-002
 0283  0.1426840077447143E-002
 0284  0.1426836394554795E-002
 0285  0.1426832807432556E-002
 0286  0.1426829324888336E-002
 0287  0.1426822787033377E-002
 0288  0.1426819709261536E-002
 0289  0.1426816717814992E-002
 0290  0.1426813810244214E-002
 0291  0.1426808324534669E-002
 0292  0.1426805744457045E-002
 0293  0.1426803227370372E-002
 0294  0.1426800778631537E-002
 0295  0.1426796156743677E-002
 0296  0.1426793975784876E-002
 0297  0.1426791846787341E-002
 0298  0.1426789773808278E-002
 0299  0.1426785854596612E-002
 0300  0.1426784002128484E-002
 0301  0.1426782196713391E-002
 0302  0.1426778773475470E-002
 0303  0.1426777151037940E-002
 0304  0.1426775568609935E-002
 0305  0.1426774025199477E-002
 0306  0.1426771094681702E-002
 0307  0.1426769703817495E-002
 0308  0.1426768346265482E-002
 0309  0.1426765767566624E-002
 0310  0.1426764542993006E-002
 0311  0.1426763344707934E-002
 0312  0.1426761065510115E-002
 0313  0.1426759981721397E-002
 0314  0.1426758922385342E-002
 0315  0.1426757885290976E-002
 0316  0.1426755910187447E-002
 0317  0.1426754969813394E-002
 0318  0.1426754048752858E-002
 0319  0.1426752293444596E-002
 0320  0.1426751459350334E-002
 0321  0.1426750650270446E-002
 0322  0.1426749131953337E-002
 0323  0.1426748423444171E-002
 0324  0.1426747748924015E-002
 0325  0.1426746507309216E-002
 0326  0.1426745939676142E-002
 0327  0.1426744937347143E-002
 0328  0.1426744488042107E-002
 0329  0.1426744079409147E-002
 0330  0.1426743362492119E-002
 0331  0.1426743070102567E-002
 0332  0.1426742801014672E-002
 0333  0.1426742372636164E-002
 0334  0.1426742212199001E-002
 0335  0.1426741993060966E-002
 0336  0.1426741932964364E-002
 0337  0.1426741910033450E-002
 0338  0.1426741937082333E-002
 0339  0.1426742003482618E-002
 0340  0.1426742200747457E-002
 0341  0.1426742347618958E-002
 0342  0.1426742509210203E-002
 0343  0.1426742921269615E-002
 0344  0.1426743169368528E-002
 0345  0.1426743711467756E-002
 0346  0.1426744020377439E-002
 0347  0.1426744692444945E-002
 0348  0.1426745054206844E-002
 0349  0.1426745440106388E-002
 0350  0.1426746270838887E-002
 0351  0.1426746713757486E-002
 0352  0.1426747636135537E-002
 0353  0.1426748114506118E-002
 0354  0.1426749115242760E-002
 0355  0.1426749636003485E-002
 0356  0.1426750714132104E-002
 0357  0.1426751269998012E-002
 0358  0.1426752410290350E-002
 0359  0.1426752992867914E-002
 0360  0.1426754178483183E-002
 0361  0.1426754779998736E-002
 0362  0.1426755996866697E-002
 0363  0.1426756619095823E-002
 0364  0.1426757870476003E-002
 0365  0.1426758498644368E-002
 0366  0.1426759764382141E-002
 0367  0.1426761027782225E-002
 0368  0.1426761658540171E-002
 0369  0.1426762927869410E-002
 0370  0.1426763559837669E-002
 0371  0.1426764827274411E-002
 0372  0.1426766084328972E-002
 0373  0.1426766712405177E-002
 0374  0.1426767961695475E-002
 0375  0.1426768582481989E-002
 0376  0.1426769822563092E-002
 0377  0.1426771043338499E-002
 0378  0.1426771651500501E-002
 0379  0.1426772858948401E-002
 0380  0.1426774046594133E-002
 0381  0.1426774636488190E-002
 0382  0.1426775807414567E-002
 0383  0.1426776960230214E-002
 0384  0.1426777532403569E-002
 0385  0.1426778665418074E-002
 0386  0.1426779779309108E-002
 0387  0.1426780331693131E-002
 0388  0.1426781424990659E-002
 0389  0.1426782499640522E-002
 0390  0.1426783552161680E-002
 0391  0.1426784074443995E-002
 0392  0.1426785107889329E-002
 0393  0.1426786121904513E-002
 0394  0.1426787116703259E-002
 0395  0.1426787608279749E-002
 0396  0.1426788582496296E-002
 0397  0.1426789537075919E-002
 0398  0.1426790473350654E-002
 0399  0.1426791391093159E-002
 0400  0.1426792291048734E-002
 0401  0.1426793172818991E-002
 0402  0.1426793609189038E-002
 0403  0.1426794472394629E-002
 0404  0.1426795318822788E-002
 0405  0.1426796148158202E-002
 0406  0.1426796961436669E-002
 0407  0.1426797758742610E-002
 0408  0.1426798540343610E-002
 0409  0.1426799304917788E-002
 0410  0.1426800046536166E-002
 0411  0.1426800765779217E-002
 0412  0.1426801463564796E-002
 0413  0.1426802140763363E-002
 0414  0.1426802798200910E-002
 0415  0.1426803436661691E-002
 0416  0.1426804056890744E-002
 0417  0.1426804659596249E-002
 0418  0.1426805529180594E-002
 0419  0.1426806087002912E-002
 0420  0.1426806629705019E-002
 0421  0.1426807157844533E-002
 0422  0.1426807671953117E-002
 0423  0.1426808415373919E-002
 0424  0.1426808893312648E-002
 0425  0.1426809359039301E-002
 0426  0.1426809812978394E-002
 0427  0.1426810470488740E-002
 0428  0.1426810893888956E-002
 0429  0.1426811306962789E-002
 0430  0.1426811906014136E-002
 0431  0.1426812292233350E-002
 0432  0.1426812852820669E-002
 0433  0.1426813214546297E-002
 0434  0.1426813740008754E-002
 0435  0.1426814079340418E-002
 0436  0.1426814572651975E-002
 0437  0.1426814891462467E-002
 0438  0.1426815355279625E-002
 0439  0.1426815801466326E-002
 0440  0.1426816090161121E-002
 0441  0.1426816510642770E-002
 0442  0.1426816915702345E-002
 0443  0.1426817306109643E-002
 0444  0.1426817559090259E-002
 0445  0.1426817928086092E-002
 0446  0.1426818284174038E-002
 0447  0.1426818627966335E-002
 0448  0.1426818960038012E-002
 0449  0.1426819280929632E-002
 0450  0.1426819591149802E-002
 0451  0.1426819988272081E-002
 0452  0.1426820274356196E-002
 0453  0.1426820551312628E-002
 0454  0.1426820819532671E-002
 0455  0.1426821163592697E-002
 0456  0.1426821411944417E-002
 0457  0.1426821730846041E-002
 0458  0.1426821961268056E-002
 0459  0.1426822257430670E-002
 0460  0.1426822541148000E-002
 0461  0.1426822813110306E-002
 0462  0.1426823010004813E-002
 0463  0.1426823263555028E-002
 0464  0.1426823565929416E-002
 0465  0.1426823796843231E-002
 0466  0.1426824018797448E-002
 0467  0.1426824284004153E-002
 0468  0.1426824486911970E-002
 0469  0.1426824729656469E-002
 0470  0.1426824960739025E-002
 0471  0.1426825137858195E-002
 0472  0.1426825391133951E-002
 0473  0.1426825591300894E-002
 0474  0.1426825782353483E-002
 0475  0.1426826000119032E-002
 0476  0.1426826205974087E-002
 0477  0.1426826400727252E-002
 0478  0.1426826585118261E-002
 0479  0.1426826787896658E-002
 0480  0.1426826978201071E-002
 0481  0.1426827156961915E-002
 0482  0.1426827325023606E-002
 0483  0.1426827504865361E-002
 0484  0.1426827692633277E-002
 0485  0.1426827866232335E-002
 0486  0.1426828026914134E-002
 0487  0.1426828207216817E-002
 0488  0.1426828371403120E-002
 0489  0.1426828521117297E-002
 0490  0.1426828681242852E-002
 0491  0.1426828845743775E-002
 0492  0.1426829000185499E-002
 0493  0.1426829151449646E-002
 0494  0.1426829302184228E-002
 0495  0.1426829446009277E-002
 0496  0.1426829591090540E-002
 0497  0.1426829734848327E-002
 0498  0.1426829759365139E-002
 0499  0.1426829759365139E-002
 0500  0.1426829759365139E-002
 0501  0.1426829759365139E-002
 0502  0.1426829759365139E-002
 0503  0.1426829759365139E-002
 0504  0.1426829759365139E-002
 0505  0.1426829759365139E-002
 0506  0.1426829759365139E-002
 0507  0.1426829759365139E-002
 0508  0.1426829759365139E-002
 0509  0.1426829759365139E-002
 0510  0.1426829759365139E-002
 0511  0.1426829759365139E-002
 0512  0.1426829759365139E-002
 0513  0.1426829759365139E-002
 0514  0.1426829759365139E-002
 0515  0.1426829759365139E-002
 0516  0.1426829759365139E-002
 0517  0.1426829759365139E-002
 0518  0.1426829759365139E-002
 0519  0.1426829759365139E-002
 0520  0.1426829759365139E-002
 0521  0.1426829759365139E-002
 0522  0.1426829759365139E-002
 0523  0.1426829759365139E-002
 0524  0.1426829759365139E-002
 0525  0.1426829759365139E-002
 0526  0.1426829759365139E-002
 0527  0.1426829759365139E-002
 0528  0.1426829759365139E-002
 0529  0.1426829759365139E-002
 0530  0.1426829759365139E-002
 0531  0.1426829759365139E-002
 0532  0.1426829759365139E-002
 0533  0.1426829759365139E-002
 0534  0.1426829759365139E-002
 0535  0.1426829759365139E-002
 0536  0.1426829759365139E-002
 0537  0.1426829759365139E-002
 0538  0.1426829759365139E-002
 0539  0.1426829759365139E-002
 0540  0.1426829759365139E-002
 0541  0.1426829759365139E-002
 0542  0.1426829759365139E-002
 0543  0.1426829759365139E-002
 0544  0.1426829759365139E-002
 0545  0.1426829759365139E-002
 0546  0.1426829759365139E-002
 0547  0.1426829759365139E-002
 0548  0.1426829759365139E-002
 0549  0.1426829759365139E-002
 0550  0.1426829759365139E-002
 0551  0.1426829759365139E-002
 0552  0.1426829759365139E-002
 0553  0.1426829759365139E-002
 0554  0.1426829759365139E-002
 0555  0.1426829759365139E-002
 0556  0.1426829759365139E-002
 0557  0.1426829759365139E-002
 0558  0.1426829759365139E-002
 0559  0.1426829759365139E-002
 0560  0.1426829759365139E-002
 0561  0.1426829759365139E-002
 0562  0.1426829759365139E-002
 0563  0.1426829759365139E-002
 0564  0.1426829759365139E-002
 0565  0.1426829759365139E-002
 0566  0.1426829759365139E-002
 0567  0.1426829759365139E-002
 0568  0.1426829759365139E-002
 0569  0.1426829759365139E-002
 0570  0.1426829759365139E-002
 0571  0.1426829759365139E-002
 0572  0.1426829759365139E-002
 0573  0.1426829759365139E-002
 0574  0.1426829759365139E-002
 0575  0.1426829759365139E-002
 0576  0.1426829759365139E-002
 0577  0.1426829759365139E-002
 0578  0.1426829759365139E-002
 0579  0.1426829759365139E-002
 0580  0.1426829759365139E-002
 0581  0.1426829759365139E-002
 0582  0.1426829759365139E-002
 0583  0.1426829759365139E-002
 0584  0.1426829759365139E-002
 0585  0.1426829759365139E-002
 0586  0.1426829759365139E-002
 0587  0.1426829759365139E-002
 0588  0.1426829759365139E-002
 0589  0.1426829759365139E-002
 0590  0.1426829759365139E-002
 0591  0.1426829759365139E-002
 0592  0.1426829759365139E-002
 0593  0.1426829759365139E-002
 0594  0.1426829759365139E-002
 0595  0.1426829759365139E-002
 0596  0.1426829759365139E-002
 0597  0.1426829759365139E-002
 0598  0.1426829759365139E-002
 0599  0.1426829759365139E-002
 0600  0.1426829759365139E-002
 0601  0.1426829759365139E-002
 0602  0.1426829759365139E-002
 0603  0.1426829759365139E-002
 0604  0.1426829759365139E-002
 0605  0.1426829759365139E-002
 0606  0.1426829759365139E-002
 0607  0.1426829759365139E-002
 0608  0.1426829759365139E-002
 0609  0.1426829759365139E-002
 0610  0.1426829759365139E-002
 0611  0.1426829759365139E-002
 0612  0.1426829759365139E-002
 0613  0.1426829759365139E-002
 0614  0.1426829759365139E-002
 0615  0.1426829759365139E-002
 0616  0.1426829759365139E-002
 0617  0.1426829759365139E-002
 0618  0.1426829759365139E-002
 0619  0.1426829759365139E-002
 0620  0.1426829759365139E-002
 0621  0.1426829759365139E-002
 0622  0.1426829759365139E-002
 0623  0.1426829759365139E-002
 0624  0.1426829759365139E-002
 0625  0.1426829759365139E-002
 0626  0.1426829759365139E-002
 0627  0.1426829759365139E-002
 0628  0.1426829759365139E-002
 0629  0.1426829759365139E-002
 0630  0.1426829759365139E-002
 0631  0.1426829759365139E-002
 0632  0.1426829759365139E-002
 0633  0.1426829759365139E-002
 0634  0.1426829759365139E-002
 0635  0.1426829759365139E-002
 0636  0.1426829759365139E-002
 0637  0.1426829759365139E-002
 0638  0.1426829759365139E-002
 0639  0.1426829759365139E-002
 0640  0.1426829759365139E-002
 0641  0.1426829759365139E-002
 0642  0.1426829759365139E-002
 0643  0.1426829759365139E-002
 0644  0.1426829759365139E-002
 0645  0.1426829759365139E-002
 0646  0.1426829759365139E-002
 0647  0.1426829759365139E-002
 0648  0.1426829759365139E-002
 0649  0.1426829759365139E-002
 0650  0.1426829759365139E-002
 0651  0.1426829759365139E-002
 0652  0.1426829759365139E-002
 0653  0.1426829759365139E-002
 0654  0.1426829759365139E-002
 0655  0.1426829759365139E-002
 0656  0.1426829759365139E-002
 0657  0.1426829759365139E-002
 0658  0.1426829759365139E-002
 0659  0.1426829759365139E-002
 0660  0.1426829759365139E-002
 0661  0.1426829759365139E-002
 0662  0.1426829759365139E-002
 0663  0.1426829759365139E-002
 0664  0.1426829759365139E-002
 0665  0.1426829759365139E-002
 0666  0.1426829759365139E-002
 0667  0.1426829759365139E-002
 0668  0.1426829759365139E-002
 0669  0.1426829759365139E-002
 0670  0.1426829759365139E-002
 0671  0.1426829759365139E-002
 0672  0.1426829759365139E-002
 0673  0.1426829759365139E-002
 0674  0.1426829759365139E-002
 0675  0.1426829759365139E-002
 0676  0.1426829759365139E-002
 0677  0.1426829759365139E-002
 0678  0.1426829759365139E-002
 0679  0.1426829759365139E-002
 0680  0.1426829759365139E-002
 0681  0.1426829759365139E-002
 0682  0.1426829759365139E-002
 0683  0.1426829759365139E-002
 0684  0.1426829759365139E-002
 0685  0.1426829759365139E-002
 0686  0.1426829759365139E-002
 0687  0.1426829759365139E-002
 0688  0.1426829759365139E-002
 0689  0.1426829759365139E-002
 0690  0.1426829759365139E-002
 0691  0.1426829759365139E-002
 0692  0.1426829759365139E-002
 0693  0.1426829759365139E-002
 0694  0.1426829759365139E-002
 0695  0.1426829759365139E-002
 0696  0.1426829759365139E-002
 0697  0.1426829759365139E-002
 0698  0.1426829759365139E-002
 0699  0.1426829759365139E-002
 0700  0.1426829759365139E-002
 0701  0.1426829759365139E-002
 0702  0.1426829759365139E-002
 0703  0.1426829759365139E-002
 0704  0.1426829759365139E-002
 0705  0.1426829759365139E-002
 0706  0.1426829759365139E-002
 0707  0.1426829759365139E-002
 0708  0.1426829759365139E-002
 0709  0.1426829759365139E-002
 0710  0.1426829759365139E-002
 0711  0.1426829759365139E-002
 0712  0.1426829759365139E-002
 0713  0.1426829759365139E-002
 0714  0.1426829759365139E-002
 0715  0.1426829759365139E-002
 0716  0.1426829759365139E-002
 0717  0.1426829759365139E-002
 0718  0.1426829759365139E-002
 0719  0.1426829759365139E-002
 0720  0.1426829759365139E-002
 0721  0.1426829759365139E-002
 0722  0.1426829759365139E-002
 0723  0.1426829759365139E-002
 0724  0.1426829759365139E-002
 0725  0.1426829759365139E-002
 0726  0.1426829759365139E-002
 0727  0.1426829759365139E-002
 0728  0.1426829759365139E-002
 0729  0.1426829759365139E-002
 0730  0.1426829759365139E-002
 0731  0.1426829759365139E-002
 0732  0.1426829759365139E-002
 0733  0.1426829759365139E-002
 0734  0.1426829759365139E-002
 0735  0.1426829759365139E-002
 0736  0.1426829759365139E-002
 0737  0.1426829759365139E-002
 0738  0.1426829759365139E-002
 0739  0.1426829759365139E-002
 0740  0.1426829759365139E-002
 0741  0.1426829759365139E-002
 0742  0.1426829759365139E-002
 0743  0.1426829759365139E-002
 0744  0.1426829759365139E-002
 0745  0.1426829759365139E-002
 0746  0.1426829759365139E-002
 0747  0.1426829759365139E-002
 0748  0.1426829759365139E-002
 0749  0.1426829759365139E-002
 0750  0.1426829759365139E-002
 0751  0.1426829759365139E-002
 0752  0.1426829759365139E-002
 0753  0.1426829759365139E-002
 0754  0.1426829759365139E-002
 0755  0.1426829759365139E-002
 0756  0.1426829759365139E-002
 0757  0.1426829759365139E-002
 0758  0.1426829759365139E-002
 0759  0.1426829759365139E-002
 0760  0.1426829759365139E-002
 0761  0.1426829759365139E-002
 0762  0.1426829759365139E-002
 0763  0.1426829759365139E-002
 0764  0.1426829759365139E-002
 0765  0.1426829759365139E-002
 0766  0.1426829759365139E-002
 0767  0.1426829759365139E-002
 0768  0.1426829759365139E-002
 0769  0.1426829759365139E-002
 0770  0.1426829759365139E-002
 0771  0.1426829759365139E-002
 0772  0.1426829759365139E-002
 0773  0.1426829759365139E-002
 0774  0.1426829759365139E-002
 0775  0.1426829759365139E-002
 0776  0.1426829759365139E-002
 0777  0.1426829759365139E-002
 0778  0.1426829759365139E-002
 0779  0.1426829759365139E-002
 0780  0.1426829759365139E-002
 0781  0.1426829759365139E-002
 0782  0.1426829759365139E-002
 0783  0.1426829759365139E-002
 0784  0.1426829759365139E-002
 0785  0.1426829759365139E-002
 0786  0.1426829759365139E-002
 0787  0.1426829759365139E-002
 0788  0.1426829759365139E-002
 0789  0.1426829759365139E-002
 0790  0.1426829759365139E-002
 0791  0.1426829759365139E-002
 0792  0.1426829759365139E-002
 0793  0.1426829759365139E-002
 0794  0.1426829759365139E-002
 0795  0.1426829759365139E-002
 0796  0.1426829759365139E-002
 0797  0.1426829759365139E-002
 0798  0.1426829759365139E-002
 0799  0.1426829759365139E-002
 0800  0.1426829759365139E-002
 0801  0.1426829759365139E-002
 0802  0.1426829759365139E-002
 0803  0.1426829759365139E-002
 0804  0.1426829759365139E-002
 0805  0.1426829759365139E-002
 0806  0.1426829759365139E-002
 0807  0.1426829759365139E-002
 0808  0.1426829759365139E-002
 0809  0.1426829759365139E-002
 0810  0.1426829759365139E-002
 0811  0.1426829759365139E-002
 0812  0.1426829759365139E-002
 0813  0.1426829759365139E-002
 0814  0.1426829759365139E-002
 0815  0.1426829759365139E-002
 0816  0.1426829759365139E-002
 0817  0.1426829759365139E-002
 0818  0.1426829759365139E-002
 0819  0.1426829759365139E-002
 0820  0.1426829759365139E-002
 0821  0.1426829759365139E-002
 0822  0.1426829759365139E-002
 0823  0.1426829759365139E-002
 0824  0.1426829759365139E-002
 0825  0.1426829759365139E-002
 0826  0.1426829759365139E-002
 0827  0.1426829759365139E-002
 0828  0.1426829759365139E-002
 0829  0.1426829759365139E-002
 0830  0.1426829759365139E-002
 0831  0.1426829759365139E-002
 0832  0.1426829759365139E-002
 0833  0.1426829759365139E-002
 0834  0.1426829759365139E-002
 0835  0.1426829759365139E-002
 0836  0.1426829759365139E-002
 0837  0.1426829759365139E-002
 0838  0.1426829759365139E-002
 0839  0.1426829759365139E-002
 0840  0.1426829759365139E-002
 0841  0.1426829759365139E-002
 0842  0.1426829759365139E-002
 0843  0.1426829759365139E-002
 0844  0.1426829759365139E-002
 0845  0.1426829759365139E-002
 0846  0.1426829759365139E-002
 0847  0.1426829759365139E-002
 0848  0.1426829759365139E-002
 0849  0.1426829759365139E-002
 0850  0.1426829759365139E-002
 0851  0.1426829759365139E-002
 0852  0.1426829759365139E-002
 0853  0.1426829759365139E-002
 0854  0.1426829759365139E-002
 0855  0.1426829759365139E-002
 0856  0.1426829759365139E-002
 0857  0.1426829759365139E-002
 0858  0.1426829759365139E-002
 0859  0.1426829759365139E-002
 0860  0.1426829759365139E-002
 0861  0.1426829759365139E-002
 0862  0.1426829759365139E-002
 0863  0.1426829759365139E-002
 0864  0.1426829759365139E-002
 0865  0.1426829759365139E-002
 0866  0.1426829759365139E-002
 0867  0.1426829759365139E-002
 0868  0.1426829759365139E-002
 0869  0.1426829759365139E-002
 0870  0.1426829759365139E-002
 0871  0.1426829759365139E-002
 0872  0.1426829759365139E-002
 0873  0.1426829759365139E-002
 0874  0.1426829759365139E-002
 0875  0.1426829759365139E-002
 0876  0.1426829759365139E-002
 0877  0.1426829759365139E-002
 0878  0.1426829759365139E-002
 0879  0.1426829759365139E-002
 0880  0.1426829759365139E-002
 0881  0.1426829759365139E-002
 0882  0.1426829759365139E-002
 0883  0.1426829759365139E-002
 0884  0.1426829759365139E-002
 0885  0.1426829759365139E-002
 0886  0.1426829759365139E-002
 0887  0.1426829759365139E-002
 0888  0.1426829759365139E-002
 0889  0.1426829759365139E-002
 0890  0.1426829759365139E-002
 0891  0.1426829759365139E-002
 0892  0.1426829759365139E-002
 0893  0.1426829759365139E-002
 0894  0.1426829759365139E-002
 0895  0.1426829759365139E-002
 0896  0.1426829759365139E-002
 0897  0.1426829759365139E-002
 0898  0.1426829759365139E-002
 0899  0.1426829759365139E-002
 0900  0.1426829759365139E-002
 0901  0.1426829759365139E-002
 0902  0.1426829759365139E-002
 0903  0.1426829759365139E-002
 0904  0.1426829759365139E-002
 0905  0.1426829759365139E-002
 0906  0.1426829759365139E-002
 0907  0.1426829759365139E-002
 0908  0.1426829759365139E-002
 0909  0.1426829759365139E-002
 0910  0.1426829759365139E-002
 0911  0.1426829759365139E-002
 0912  0.1426829759365139E-002
 0913  0.1426829759365139E-002
 0914  0.1426829759365139E-002
 0915  0.1426829759365139E-002
 0916  0.1426829759365139E-002
 0917  0.1426829759365139E-002
 0918  0.1426829759365139E-002
 0919  0.1426829759365139E-002
 0920  0.1426829759365139E-002
 0921  0.1426829759365139E-002
 0922  0.1426829759365139E-002
 0923  0.1426829759365139E-002
 0924  0.1426829759365139E-002
 0925  0.1426829759365139E-002
 0926  0.1426829759365139E-002
 0927  0.1426829759365139E-002
 0928  0.1426829759365139E-002
 0929  0.1426829759365139E-002
 0930  0.1426829759365139E-002
 0931  0.1426829759365139E-002
 0932  0.1426829759365139E-002
 0933  0.1426829759365139E-002
 0934  0.1426829759365139E-002
 0935  0.1426829759365139E-002
 0936  0.1426829759365139E-002
 0937  0.1426829759365139E-002
 0938  0.1426829759365139E-002
 0939  0.1426829759365139E-002
 0940  0.1426829759365139E-002
 0941  0.1426829759365139E-002
 0942  0.1426829759365139E-002
 0943  0.1426829759365139E-002
 0944  0.1426829759365139E-002
 0945  0.1426829759365139E-002
 0946  0.1426829759365139E-002
 0947  0.1426829759365139E-002
 0948  0.1426829759365139E-002
 0949  0.1426829759365139E-002
 0950  0.1426829759365139E-002
 0951  0.1426829759365139E-002
 0952  0.1426829759365139E-002
 0953  0.1426829759365139E-002
 0954  0.1426829759365139E-002
 0955  0.1426829759365139E-002
 0956  0.1426829759365139E-002
 0957  0.1426829759365139E-002
 0958  0.1426829759365139E-002
 0959  0.1426829759365139E-002
 0960  0.1426829759365139E-002
 0961  0.1426829759365139E-002
 0962  0.1426829759365139E-002
 0963  0.1426829759365139E-002
 0964  0.1426829759365139E-002
 0965  0.1426829759365139E-002
 0966  0.1426829759365139E-002
 0967  0.1426829759365139E-002
 0968  0.1426829759365139E-002
 0969  0.1426829759365139E-002
 0970  0.1426829759365139E-002
 0971  0.1426829759365139E-002
 0972  0.1426829759365139E-002
 0973  0.1426829759365139E-002
 0974  0.1426829759365139E-002
 0975  0.1426829759365139E-002
 0976  0.1426829759365139E-002
 0977  0.1426829759365139E-002
 0978  0.1426829759365139E-002
 0979  0.1426829759365139E-002
 0980  0.1426829759365139E-002
 0981  0.1426829759365139E-002
 0982  0.1426829759365139E-002
 0983  0.1426829759365139E-002
 0984  0.1426829759365139E-002
 0985  0.1426829759365139E-002
 0986  0.1426829759365139E-002
 0987  0.1426829759365139E-002
 0988  0.1426829759365139E-002
 0989  0.1426829759365139E-002
 0990  0.1426829759365139E-002
 0991  0.1426829759365139E-002
 0992  0.1426829759365139E-002
 0993  0.1426829759365139E-002
 0994  0.1426829759365139E-002
 0995  0.1426829759365139E-002
 0996  0.1426829759365139E-002
 0997  0.1426829759365139E-002
 0998  0.1426829759365139E-002
 0999  0.1426829759365139E-002
 1000  0.1426829759365139E-002
