 0001  0.2463595647394934E-003
 0002  0.2445372088543630E-003
 0003  0.2445372088543630E-003
 0004  0.2425193886184238E-003
 0005  0.2425193886184239E-003
 0006  0.2405484259818629E-003
 0007  0.2405484259818629E-003
 0008  0.2405484259818630E-003
 0009  0.2383243676005507E-003
 0010  0.2383243676005507E-003
 0011  0.2359016974236441E-003
 0012  0.2359016974236441E-003
 0013  0.2335352862268751E-003
 0014  0.2335352862268751E-003
 0015  0.2309495069729489E-003
 0016  0.2309495069729489E-003
 0017  0.2281432736562176E-003
 0018  0.2281432736562176E-003
 0019  0.2254022063806306E-003
 0020  0.2254022063806306E-003
 0021  0.2224176689599294E-003
 0022  0.2224176689599294E-003
 0023  0.2192094903204674E-003
 0024  0.2192094903204674E-003
 0025  0.2160758116521842E-003
 0026  0.2160758116521843E-003
 0027  0.2126896663580345E-003
 0028  0.2091588813363402E-003
 0029  0.2091588813363401E-003
 0030  0.2053831919790713E-003
 0031  0.2053831919790713E-003
 0032  0.2016951812643932E-003
 0033  0.1978826586315988E-003
 0034  0.1978826586315987E-003
 0035  0.1938215501725538E-003
 0036  0.1938215501725538E-003
 0037  0.1898547483270595E-003
 0038  0.1857598605602701E-003
 0039  0.1857598605602701E-003
 0040  0.1813901928235892E-003
 0041  0.1813901928235893E-003
 0042  0.1767687675959728E-003
 0043  0.1724453783806782E-003
 0044  0.1724453783806782E-003
 0045  0.1678358318699051E-003
 0046  0.1631608288778862E-003
 0047  0.1631608288778862E-003
 0048  0.1582128635894863E-003
 0049  0.1536138273863767E-003
 0050  0.1536138273863767E-003
 0051  0.1487064696007370E-003
 0052  0.1437869035913389E-003
 0053  0.1388678243274498E-003
 0054  0.1388678243274498E-003
 0055  0.1340629753806878E-003
 0056  0.1292340894908822E-003
 0057  0.1292340894908822E-003
 0058  0.1241134937440967E-003
 0059  0.1190337826809807E-003
 0060  0.1143748866805403E-003
 0061  0.1143748866805402E-003
 0062  0.1094036127895325E-003
 0063  0.1044970165287138E-003
 0064  0.9966879479536479E-004
 0065  0.9966879479536477E-004
 0066  0.9459389003212452E-004
 0067  0.8999865412840211E-004
 0068  0.8546658665585298E-004
 0069  0.8546658665585298E-004
 0070  0.8066829625905560E-004
 0071  0.7601539052356896E-004
 0072  0.7153493913278887E-004
 0073  0.7153493913278885E-004
 0074  0.6685088506047962E-004
 0075  0.6268629055184738E-004
 0076  0.5866446646366315E-004
 0077  0.5559783845759138E-004
 0078  0.5559783845759138E-004
 0079  0.1889450296227759E-003
 0080  0.7354344527113324E-003
 0081  0.2015270256408366E-002
 0082  0.3139176232721626E-002
 0083  0.5477130234805436E-002
 0084  0.5477130234805436E-002
 0085  0.9724070566071375E-002
 0086  0.1577885116697591E-001
 0087  0.2370864224471105E-001
 0088  0.3349772424431827E-001
 0089  0.4508270320177207E-001
 0090  0.4508270320177207E-001
 0091  0.6008820222406664E-001
 0092  0.7660100964621518E-001
 0093  0.9446932899301082E-001
 0094  0.1131560582312642E+000
 0095  0.1324458673650869E+000
 0096  0.1522689062225669E+000
 0097  0.1725462361016521E+000
 0098  0.1931956708070036E+000
 0099  0.2141519906080166E+000
 0100  0.2353423921441145E+000
 0101  0.2566184768390500E+000
 0102  0.2778168963124455E+000
 0103  0.2987896772722611E+000
 0104  0.3194059289591096E+000
 0105  0.3397051710645932E+000
 0106  0.3595132779301499E+000
 0107  0.3786983724290869E+000
 0108  0.3971634168582815E+000
 0109  0.4148399930897500E+000
 0110  0.4316830832603745E+000
 0111  0.4488529206247622E+000
 0112  0.4647291631626675E+000
 0113  0.4794146273041007E+000
 0114  0.4930014378856820E+000
 0115  0.5055726657337685E+000
 0116  0.5172036595530398E+000
 0117  0.5366364633508461E+000
 0118  0.5448109622228664E+000
 0119  0.5525208570124351E+000
 0120  0.5597748126826418E+000
 0121  0.5665847691427325E+000
 0122  0.5729651451698470E+000
 0123  0.5789321770884386E+000
 0124  0.5845033719596994E+000
 0125  0.5896970579234886E+000
 0126  0.5947523264374515E+000
 0127  0.5993959120494673E+000
 0128  0.6036622437910913E+000
 0129  0.6075826546068590E+000
 0130  0.6111856967022224E+000
 0131  0.6144974197945696E+000
 0132  0.6175416171479250E+000
 0133  0.6226252600714732E+000
 0134  0.6247560679288555E+000
 0135  0.6267437561014739E+000
 0136  0.6285963681220271E+000
 0137  0.6303217073405003E+000
 0138  0.6319273099189638E+000
 0139  0.6334204251660343E+000
 0140  0.6348533484705225E+000
 0141  0.6361738809386007E+000
 0142  0.6373909954761275E+000
 0143  0.6385129213073593E+000
 0144  0.6395478433002665E+000
 0145  0.6405024487765968E+000
 0146  0.6413829232530809E+000
 0147  0.6421949809203358E+000
 0148  0.6435630776142182E+000
 0149  0.6441409610868203E+000
 0150  0.6446800737038512E+000
 0151  0.6451828109149684E+000
 0152  0.6456634917673152E+000
 0153  0.6461089536700058E+000
 0154  0.6465219745956287E+000
 0155  0.6469049138059846E+000
 0156  0.6472599593317990E+000
 0157  0.6475891403667421E+000
 0158  0.6478943387675798E+000
 0159  0.6481772997246150E+000
 0160  0.6484396416619992E+000
 0161  0.6488870664125297E+000
 0162  0.6490782463809793E+000
 0163  0.6492610371787149E+000
 0164  0.6494314277510984E+000
 0165  0.6495902600402673E+000
 0166  0.6497383187822752E+000
 0167  0.6498763353970161E+000
 0168  0.6500049916133944E+000
 0169  0.6501249228477780E+000
 0170  0.6502367215400021E+000
 0171  0.6503409398304063E+000
 0172  0.6504380923100740E+000
 0173  0.6506072097279519E+000
 0174  0.6506807852784924E+000
 0175  0.6507497200594866E+000
 0176  0.6508143073764864E+000
 0177  0.6508748219535333E+000
 0178  0.6509315211146801E+000
 0179  0.6509846458899479E+000
 0180  0.6510344310667102E+000
 0181  0.6510810855472444E+000
 0182  0.6511248053093228E+000
 0183  0.6511664154823539E+000
 0184  0.6512387338523824E+000
 0185  0.6512701991104449E+000
 0186  0.6512998179222308E+000
 0187  0.6513277029113662E+000
 0188  0.6513539552406622E+000
 0189  0.6513786702183545E+000
 0190  0.6514019376322951E+000
 0191  0.6514241442781632E+000
 0192  0.6514450061853605E+000
 0193  0.6514646066155232E+000
 0194  0.6514990368580870E+000
 0195  0.6515141735187330E+000
 0196  0.6515284833656467E+000
 0197  0.6515420114840770E+000
 0198  0.6515548005272712E+000
 0199  0.6515670419367103E+000
 0200  0.6515785952819165E+000
 0201  0.6515894999236720E+000
 0202  0.6515997929430428E+000
 0203  0.6516180368583143E+000
 0204  0.6516261284252401E+000
 0205  0.6516338069905976E+000
 0206  0.6516411760899504E+000
 0207  0.6516481584702435E+000
 0208  0.6516547747849243E+000
 0209  0.6516610445676961E+000
 0210  0.6516669862984186E+000
 0211  0.6516726179230932E+000
 0212  0.6516827301851810E+000
 0213  0.6516872700478222E+000
 0214  0.6516915871809610E+000
 0215  0.6516956930084054E+000
 0216  0.6516995980302090E+000
 0217  0.6517033122218064E+000
 0218  0.6517068450575658E+000
 0219  0.6517102379355760E+000
 0220  0.6517163344072315E+000
 0221  0.6517190748914209E+000
 0222  0.6517216896247001E+000
 0223  0.6517241844739076E+000
 0224  0.6517265651886227E+000
 0225  0.6517288576921375E+000
 0226  0.6517310432799698E+000
 0227  0.6517349962217567E+000
 0228  0.6517367847906546E+000
 0229  0.6517384963122868E+000
 0230  0.6517401481218071E+000
 0231  0.6517417274794078E+000
 0232  0.6517432377428298E+000
 0233  0.6517446820166521E+000
 0234  0.6517473098727407E+000
 0235  0.6517485156809093E+000
 0236  0.6517496717111256E+000
 0237  0.6517507800764554E+000
 0238  0.6517518427993985E+000
 0239  0.6517528618728040E+000
 0240  0.6517538466782951E+000
 0241  0.6517556464011464E+000
 0242  0.6517564691031328E+000
 0243  0.6517572598836302E+000
 0244  0.6517580200182869E+000
 0245  0.6517587561930166E+000
 0246  0.6517594634756592E+000
 0247  0.6517607624827967E+000
 0248  0.6517613592369973E+000
 0249  0.6517619382921794E+000
 0250  0.6517624958499890E+000
 0251  0.6517630327688373E+000
 0252  0.6517635498427413E+000
 0253  0.6517645102206877E+000
 0254  0.6517649530609686E+000
 0255  0.6517653803803478E+000
 0256  0.6517657927673216E+000
 0257  0.6517661934536638E+000
 0258  0.6517669352614102E+000
 0259  0.6517672787532484E+000
 0260  0.6517676130497493E+000
 0261  0.6517679361413271E+000
 0262  0.6517682484224593E+000
 0263  0.6517685502885652E+000
 0264  0.6517691131416262E+000
 0265  0.6517693755701152E+000
 0266  0.6517696296776756E+000
 0267  0.6517698757422781E+000
 0268  0.6517701155584559E+000
 0269  0.6517705626547334E+000
 0270  0.6517707711247358E+000
 0271  0.6517709746032948E+000
 0272  0.6517711719114577E+000
 0273  0.6517715409878165E+000
 0274  0.6517717147109957E+000
 0275  0.6517718834220372E+000
 0276  0.6517720472748085E+000
 0277  0.6517722073856769E+000
 0278  0.6517725076735567E+000
 0279  0.6517726485173003E+000
 0280  0.6517727863345799E+000
 0281  0.6517729203526125E+000
 0282  0.6517731731435608E+000
 0283  0.6517732923750369E+000
 0284  0.6517734084747655E+000
 0285  0.6517735221899584E+000
 0286  0.6517736328988678E+000
 0287  0.6517738416213300E+000
 0288  0.6517739406060722E+000
 0289  0.6517740370957581E+000
 0290  0.6517741311626214E+000
 0291  0.6517743099671043E+000
 0292  0.6517743944545259E+000
 0293  0.6517744773886879E+000
 0294  0.6517745583194060E+000
 0295  0.6517747120275732E+000
 0296  0.6517747850248881E+000
 0297  0.6517748567394215E+000
 0298  0.6517749267898558E+000
 0299  0.6517750600857403E+000
 0300  0.6517751235114061E+000
 0301  0.6517751855333928E+000
 0302  0.6517753041210718E+000
 0303  0.6517753608066429E+000
 0304  0.6517754162829810E+000
 0305  0.6517754705806876E+000
 0306  0.6517755745756797E+000
 0307  0.6517756243708928E+000
 0308  0.6517756731460101E+000
 0309  0.6517757664568035E+000
 0310  0.6517758110958419E+000
 0311  0.6517758550958914E+000
 0312  0.6517759393965578E+000
 0313  0.6517759797833979E+000
 0314  0.6517760194084037E+000
 0315  0.6517760584978404E+000
 0316  0.6517761335086922E+000
 0317  0.6517761695015744E+000
 0318  0.6517762050296146E+000
 0319  0.6517762734548634E+000
 0320  0.6517763067715161E+000
 0321  0.6517763410456522E+000
 0322  0.6517764113125097E+000
 0323  0.6517764477597139E+000
 0324  0.6517764870578983E+000
 0325  0.6517765704918895E+000
 0326  0.6517766148227325E+000
 0327  0.6517767144574170E+000
 0328  0.6517767673119969E+000
 0329  0.6517768247231628E+000
 0330  0.6517769459568460E+000
 0331  0.6517770128301856E+000
 0332  0.6517770814308655E+000
 0333  0.6517772279934207E+000
 0334  0.6517773059344967E+000
 0335  0.6517774707043261E+000
 0336  0.6517775574510674E+000
 0337  0.6517776488125390E+000
 0338  0.6517778363653602E+000
 0339  0.6517779355555744E+000
 0340  0.6517781380485496E+000
 0341  0.6517782442512613E+000
 0342  0.6517783515253003E+000
 0343  0.6517785751631537E+000
 0344  0.6517786912276331E+000
 0345  0.6517789256122851E+000
 0346  0.6517790465964828E+000
 0347  0.6517792927679907E+000
 0348  0.6517794178049174E+000
 0349  0.6517795459137626E+000
 0350  0.6517798076585988E+000
 0351  0.6517799410440844E+000
 0352  0.6517802099094530E+000
 0353  0.6517803452735468E+000
 0354  0.6517806197265332E+000
 0355  0.6517807586035714E+000
 0356  0.6517810391398501E+000
 0357  0.6517811805992839E+000
 0358  0.6517814652215936E+000
 0359  0.6517816081223036E+000
 0360  0.6517818945155492E+000
 0361  0.6517820377961218E+000
 0362  0.6517823240617910E+000
 0363  0.6517824682611227E+000
 0364  0.6517827554031945E+000
 0365  0.6517828982168261E+000
 0366  0.6517831832056178E+000
 0367  0.6517834644682583E+000
 0368  0.6517836039246573E+000
 0369  0.6517838822388260E+000
 0370  0.6517840200002275E+000
 0371  0.6517842943366521E+000
 0372  0.6517845642431458E+000
 0373  0.6517846983081119E+000
 0374  0.6517849637213341E+000
 0375  0.6517850950184940E+000
 0376  0.6517853559232875E+000
 0377  0.6517856113865254E+000
 0378  0.6517857380825741E+000
 0379  0.6517859887077624E+000
 0380  0.6517862340723019E+000
 0381  0.6517863555098232E+000
 0382  0.6517865957737121E+000
 0383  0.6517868312909726E+000
 0384  0.6517869478217160E+000
 0385  0.6517871779818269E+000
 0386  0.6517874034158051E+000
 0387  0.6517875149081517E+000
 0388  0.6517877350798600E+000
 0389  0.6517879507723029E+000
 0390  0.6517881614600900E+000
 0391  0.6517882657500753E+000
 0392  0.6517884717126111E+000
 0393  0.6517886732640192E+000
 0394  0.6517888704956402E+000
 0395  0.6517889678009420E+000
 0396  0.6517891602759539E+000
 0397  0.6517893484683861E+000
 0398  0.6517895326501304E+000
 0399  0.6517897128246858E+000
 0400  0.6517898891587638E+000
 0401  0.6517900616218808E+000
 0402  0.6517901468493132E+000
 0403  0.6517903152262906E+000
 0404  0.6517904800467087E+000
 0405  0.6517906412879045E+000
 0406  0.6517907991556823E+000
 0407  0.6517909536921292E+000
 0408  0.6517911049690263E+000
 0409  0.6517912527859269E+000
 0410  0.6517913961560974E+000
 0411  0.6517915352006538E+000
 0412  0.6517916700970374E+000
 0413  0.6517918010135259E+000
 0414  0.6517919281098007E+000
 0415  0.6517920515374737E+000
 0416  0.6517921714405771E+000
 0417  0.6517922879560160E+000
 0418  0.6517924560646542E+000
 0419  0.6517925639032447E+000
 0420  0.6517926688187858E+000
 0421  0.6517927709190764E+000
 0422  0.6517928703068978E+000
 0423  0.6517930140255140E+000
 0424  0.6517931064209549E+000
 0425  0.6517931964555488E+000
 0426  0.6517932842113635E+000
 0427  0.6517934113217119E+000
 0428  0.6517934931737303E+000
 0429  0.6517935730294452E+000
 0430  0.6517936888384599E+000
 0431  0.6517937635026221E+000
 0432  0.6517938718757446E+000
 0433  0.6517939418047894E+000
 0434  0.6517940433875492E+000
 0435  0.6517941089873779E+000
 0436  0.6517942043547038E+000
 0437  0.6517942659873652E+000
 0438  0.6517943556528147E+000
 0439  0.6517944419099319E+000
 0440  0.6517944977206060E+000
 0441  0.6517945790084053E+000
 0442  0.6517946573147982E+000
 0443  0.6517947327886031E+000
 0444  0.6517947816949882E+000
 0445  0.6517948530295139E+000
 0446  0.6517949218686784E+000
 0447  0.6517949883308397E+000
 0448  0.6517950525271624E+000
 0449  0.6517951145621488E+000
 0450  0.6517951745341239E+000
 0451  0.6517952513060733E+000
 0452  0.6517953066120492E+000
 0453  0.6517953601534556E+000
 0454  0.6517954120059365E+000
 0455  0.6517954785198553E+000
 0456  0.6517955265313791E+000
 0457  0.6517955881816587E+000
 0458  0.6517956327269996E+000
 0459  0.6517956899813583E+000
 0460  0.6517957448297863E+000
 0461  0.6517957974057249E+000
 0462  0.6517958354695046E+000
 0463  0.6517958844860057E+000
 0464  0.6517959429412287E+000
 0465  0.6517959875816445E+000
 0466  0.6517960304899849E+000
 0467  0.6517960817599253E+000
 0468  0.6517961209862031E+000
 0469  0.6517961679137351E+000
 0470  0.6517962125867720E+000
 0471  0.6517962468275711E+000
 0472  0.6517962957910129E+000
 0473  0.6517963344874227E+000
 0474  0.6517963714218387E+000
 0475  0.6517964135204232E+000
 0476  0.6517964533164627E+000
 0477  0.6517964909662768E+000
 0478  0.6517965266128720E+000
 0479  0.6517965658141305E+000
 0480  0.6517966026039095E+000
 0481  0.6517966371620777E+000
 0482  0.6517966696518784E+000
 0483  0.6517967044190097E+000
 0484  0.6517967407184314E+000
 0485  0.6517967742787203E+000
 0486  0.6517968053418348E+000
 0487  0.6517968401980723E+000
 0488  0.6517968719386796E+000
 0489  0.6517969008815269E+000
 0490  0.6517969318371090E+000
 0491  0.6517969636385398E+000
 0492  0.6517969934953195E+000
 0493  0.6517970227378074E+000
 0494  0.6517970518779197E+000
 0495  0.6517970796822755E+000
 0496  0.6517971077294834E+000
 0497  0.6517971355208360E+000
 0498  0.6517971402604428E+000
 0499  0.6517971402604428E+000
 0500  0.6517971402604428E+000
 0501  0.6517971402604428E+000
 0502  0.6517971402604428E+000
 0503  0.6517971402604428E+000
 0504  0.6517971402604428E+000
 0505  0.6517971402604428E+000
 0506  0.6517971402604428E+000
 0507  0.6517971402604428E+000
 0508  0.6517971402604428E+000
 0509  0.6517971402604428E+000
 0510  0.6517971402604428E+000
 0511  0.6517971402604428E+000
 0512  0.6517971402604428E+000
 0513  0.6517971402604428E+000
 0514  0.6517971402604428E+000
 0515  0.6517971402604428E+000
 0516  0.6517971402604428E+000
 0517  0.6517971402604428E+000
 0518  0.6517971402604428E+000
 0519  0.6517971402604428E+000
 0520  0.6517971402604428E+000
 0521  0.6517971402604428E+000
 0522  0.6517971402604428E+000
 0523  0.6517971402604428E+000
 0524  0.6517971402604428E+000
 0525  0.6517971402604428E+000
 0526  0.6517971402604428E+000
 0527  0.6517971402604428E+000
 0528  0.6517971402604428E+000
 0529  0.6517971402604428E+000
 0530  0.6517971402604428E+000
 0531  0.6517971402604428E+000
 0532  0.6517971402604428E+000
 0533  0.6517971402604428E+000
 0534  0.6517971402604428E+000
 0535  0.6517971402604428E+000
 0536  0.6517971402604428E+000
 0537  0.6517971402604428E+000
 0538  0.6517971402604428E+000
 0539  0.6517971402604428E+000
 0540  0.6517971402604428E+000
 0541  0.6517971402604428E+000
 0542  0.6517971402604428E+000
 0543  0.6517971402604428E+000
 0544  0.6517971402604428E+000
 0545  0.6517971402604428E+000
 0546  0.6517971402604428E+000
 0547  0.6517971402604428E+000
 0548  0.6517971402604428E+000
 0549  0.6517971402604428E+000
 0550  0.6517971402604428E+000
 0551  0.6517971402604428E+000
 0552  0.6517971402604428E+000
 0553  0.6517971402604428E+000
 0554  0.6517971402604428E+000
 0555  0.6517971402604428E+000
 0556  0.6517971402604428E+000
 0557  0.6517971402604428E+000
 0558  0.6517971402604428E+000
 0559  0.6517971402604428E+000
 0560  0.6517971402604428E+000
 0561  0.6517971402604428E+000
 0562  0.6517971402604428E+000
 0563  0.6517971402604428E+000
 0564  0.6517971402604428E+000
 0565  0.6517971402604428E+000
 0566  0.6517971402604428E+000
 0567  0.6517971402604428E+000
 0568  0.6517971402604428E+000
 0569  0.6517971402604428E+000
 0570  0.6517971402604428E+000
 0571  0.6517971402604428E+000
 0572  0.6517971402604428E+000
 0573  0.6517971402604428E+000
 0574  0.6517971402604428E+000
 0575  0.6517971402604428E+000
 0576  0.6517971402604428E+000
 0577  0.6517971402604428E+000
 0578  0.6517971402604428E+000
 0579  0.6517971402604428E+000
 0580  0.6517971402604428E+000
 0581  0.6517971402604428E+000
 0582  0.6517971402604428E+000
 0583  0.6517971402604428E+000
 0584  0.6517971402604428E+000
 0585  0.6517971402604428E+000
 0586  0.6517971402604428E+000
 0587  0.6517971402604428E+000
 0588  0.6517971402604428E+000
 0589  0.6517971402604428E+000
 0590  0.6517971402604428E+000
 0591  0.6517971402604428E+000
 0592  0.6517971402604428E+000
 0593  0.6517971402604428E+000
 0594  0.6517971402604428E+000
 0595  0.6517971402604428E+000
 0596  0.6517971402604428E+000
 0597  0.6517971402604428E+000
 0598  0.6517971402604428E+000
 0599  0.6517971402604428E+000
 0600  0.6517971402604428E+000
 0601  0.6517971402604428E+000
 0602  0.6517971402604428E+000
 0603  0.6517971402604428E+000
 0604  0.6517971402604428E+000
 0605  0.6517971402604428E+000
 0606  0.6517971402604428E+000
 0607  0.6517971402604428E+000
 0608  0.6517971402604428E+000
 0609  0.6517971402604428E+000
 0610  0.6517971402604428E+000
 0611  0.6517971402604428E+000
 0612  0.6517971402604428E+000
 0613  0.6517971402604428E+000
 0614  0.6517971402604428E+000
 0615  0.6517971402604428E+000
 0616  0.6517971402604428E+000
 0617  0.6517971402604428E+000
 0618  0.6517971402604428E+000
 0619  0.6517971402604428E+000
 0620  0.6517971402604428E+000
 0621  0.6517971402604428E+000
 0622  0.6517971402604428E+000
 0623  0.6517971402604428E+000
 0624  0.6517971402604428E+000
 0625  0.6517971402604428E+000
 0626  0.6517971402604428E+000
 0627  0.6517971402604428E+000
 0628  0.6517971402604428E+000
 0629  0.6517971402604428E+000
 0630  0.6517971402604428E+000
 0631  0.6517971402604428E+000
 0632  0.6517971402604428E+000
 0633  0.6517971402604428E+000
 0634  0.6517971402604428E+000
 0635  0.6517971402604428E+000
 0636  0.6517971402604428E+000
 0637  0.6517971402604428E+000
 0638  0.6517971402604428E+000
 0639  0.6517971402604428E+000
 0640  0.6517971402604428E+000
 0641  0.6517971402604428E+000
 0642  0.6517971402604428E+000
 0643  0.6517971402604428E+000
 0644  0.6517971402604428E+000
 0645  0.6517971402604428E+000
 0646  0.6517971402604428E+000
 0647  0.6517971402604428E+000
 0648  0.6517971402604428E+000
 0649  0.6517971402604428E+000
 0650  0.6517971402604428E+000
 0651  0.6517971402604428E+000
 0652  0.6517971402604428E+000
 0653  0.6517971402604428E+000
 0654  0.6517971402604428E+000
 0655  0.6517971402604428E+000
 0656  0.6517971402604428E+000
 0657  0.6517971402604428E+000
 0658  0.6517971402604428E+000
 0659  0.6517971402604428E+000
 0660  0.6517971402604428E+000
 0661  0.6517971402604428E+000
 0662  0.6517971402604428E+000
 0663  0.6517971402604428E+000
 0664  0.6517971402604428E+000
 0665  0.6517971402604428E+000
 0666  0.6517971402604428E+000
 0667  0.6517971402604428E+000
 0668  0.6517971402604428E+000
 0669  0.6517971402604428E+000
 0670  0.6517971402604428E+000
 0671  0.6517971402604428E+000
 0672  0.6517971402604428E+000
 0673  0.6517971402604428E+000
 0674  0.6517971402604428E+000
 0675  0.6517971402604428E+000
 0676  0.6517971402604428E+000
 0677  0.6517971402604428E+000
 0678  0.6517971402604428E+000
 0679  0.6517971402604428E+000
 0680  0.6517971402604428E+000
 0681  0.6517971402604428E+000
 0682  0.6517971402604428E+000
 0683  0.6517971402604428E+000
 0684  0.6517971402604428E+000
 0685  0.6517971402604428E+000
 0686  0.6517971402604428E+000
 0687  0.6517971402604428E+000
 0688  0.6517971402604428E+000
 0689  0.6517971402604428E+000
 0690  0.6517971402604428E+000
 0691  0.6517971402604428E+000
 0692  0.6517971402604428E+000
 0693  0.6517971402604428E+000
 0694  0.6517971402604428E+000
 0695  0.6517971402604428E+000
 0696  0.6517971402604428E+000
 0697  0.6517971402604428E+000
 0698  0.6517971402604428E+000
 0699  0.6517971402604428E+000
 0700  0.6517971402604428E+000
 0701  0.6517971402604428E+000
 0702  0.6517971402604428E+000
 0703  0.6517971402604428E+000
 0704  0.6517971402604428E+000
 0705  0.6517971402604428E+000
 0706  0.6517971402604428E+000
 0707  0.6517971402604428E+000
 0708  0.6517971402604428E+000
 0709  0.6517971402604428E+000
 0710  0.6517971402604428E+000
 0711  0.6517971402604428E+000
 0712  0.6517971402604428E+000
 0713  0.6517971402604428E+000
 0714  0.6517971402604428E+000
 0715  0.6517971402604428E+000
 0716  0.6517971402604428E+000
 0717  0.6517971402604428E+000
 0718  0.6517971402604428E+000
 0719  0.6517971402604428E+000
 0720  0.6517971402604428E+000
 0721  0.6517971402604428E+000
 0722  0.6517971402604428E+000
 0723  0.6517971402604428E+000
 0724  0.6517971402604428E+000
 0725  0.6517971402604428E+000
 0726  0.6517971402604428E+000
 0727  0.6517971402604428E+000
 0728  0.6517971402604428E+000
 0729  0.6517971402604428E+000
 0730  0.6517971402604428E+000
 0731  0.6517971402604428E+000
 0732  0.6517971402604428E+000
 0733  0.6517971402604428E+000
 0734  0.6517971402604428E+000
 0735  0.6517971402604428E+000
 0736  0.6517971402604428E+000
 0737  0.6517971402604428E+000
 0738  0.6517971402604428E+000
 0739  0.6517971402604428E+000
 0740  0.6517971402604428E+000
 0741  0.6517971402604428E+000
 0742  0.6517971402604428E+000
 0743  0.6517971402604428E+000
 0744  0.6517971402604428E+000
 0745  0.6517971402604428E+000
 0746  0.6517971402604428E+000
 0747  0.6517971402604428E+000
 0748  0.6517971402604428E+000
 0749  0.6517971402604428E+000
 0750  0.6517971402604428E+000
 0751  0.6517971402604428E+000
 0752  0.6517971402604428E+000
 0753  0.6517971402604428E+000
 0754  0.6517971402604428E+000
 0755  0.6517971402604428E+000
 0756  0.6517971402604428E+000
 0757  0.6517971402604428E+000
 0758  0.6517971402604428E+000
 0759  0.6517971402604428E+000
 0760  0.6517971402604428E+000
 0761  0.6517971402604428E+000
 0762  0.6517971402604428E+000
 0763  0.6517971402604428E+000
 0764  0.6517971402604428E+000
 0765  0.6517971402604428E+000
 0766  0.6517971402604428E+000
 0767  0.6517971402604428E+000
 0768  0.6517971402604428E+000
 0769  0.6517971402604428E+000
 0770  0.6517971402604428E+000
 0771  0.6517971402604428E+000
 0772  0.6517971402604428E+000
 0773  0.6517971402604428E+000
 0774  0.6517971402604428E+000
 0775  0.6517971402604428E+000
 0776  0.6517971402604428E+000
 0777  0.6517971402604428E+000
 0778  0.6517971402604428E+000
 0779  0.6517971402604428E+000
 0780  0.6517971402604428E+000
 0781  0.6517971402604428E+000
 0782  0.6517971402604428E+000
 0783  0.6517971402604428E+000
 0784  0.6517971402604428E+000
 0785  0.6517971402604428E+000
 0786  0.6517971402604428E+000
 0787  0.6517971402604428E+000
 0788  0.6517971402604428E+000
 0789  0.6517971402604428E+000
 0790  0.6517971402604428E+000
 0791  0.6517971402604428E+000
 0792  0.6517971402604428E+000
 0793  0.6517971402604428E+000
 0794  0.6517971402604428E+000
 0795  0.6517971402604428E+000
 0796  0.6517971402604428E+000
 0797  0.6517971402604428E+000
 0798  0.6517971402604428E+000
 0799  0.6517971402604428E+000
 0800  0.6517971402604428E+000
 0801  0.6517971402604428E+000
 0802  0.6517971402604428E+000
 0803  0.6517971402604428E+000
 0804  0.6517971402604428E+000
 0805  0.6517971402604428E+000
 0806  0.6517971402604428E+000
 0807  0.6517971402604428E+000
 0808  0.6517971402604428E+000
 0809  0.6517971402604428E+000
 0810  0.6517971402604428E+000
 0811  0.6517971402604428E+000
 0812  0.6517971402604428E+000
 0813  0.6517971402604428E+000
 0814  0.6517971402604428E+000
 0815  0.6517971402604428E+000
 0816  0.6517971402604428E+000
 0817  0.6517971402604428E+000
 0818  0.6517971402604428E+000
 0819  0.6517971402604428E+000
 0820  0.6517971402604428E+000
 0821  0.6517971402604428E+000
 0822  0.6517971402604428E+000
 0823  0.6517971402604428E+000
 0824  0.6517971402604428E+000
 0825  0.6517971402604428E+000
 0826  0.6517971402604428E+000
 0827  0.6517971402604428E+000
 0828  0.6517971402604428E+000
 0829  0.6517971402604428E+000
 0830  0.6517971402604428E+000
 0831  0.6517971402604428E+000
 0832  0.6517971402604428E+000
 0833  0.6517971402604428E+000
 0834  0.6517971402604428E+000
 0835  0.6517971402604428E+000
 0836  0.6517971402604428E+000
 0837  0.6517971402604428E+000
 0838  0.6517971402604428E+000
 0839  0.6517971402604428E+000
 0840  0.6517971402604428E+000
 0841  0.6517971402604428E+000
 0842  0.6517971402604428E+000
 0843  0.6517971402604428E+000
 0844  0.6517971402604428E+000
 0845  0.6517971402604428E+000
 0846  0.6517971402604428E+000
 0847  0.6517971402604428E+000
 0848  0.6517971402604428E+000
 0849  0.6517971402604428E+000
 0850  0.6517971402604428E+000
 0851  0.6517971402604428E+000
 0852  0.6517971402604428E+000
 0853  0.6517971402604428E+000
 0854  0.6517971402604428E+000
 0855  0.6517971402604428E+000
 0856  0.6517971402604428E+000
 0857  0.6517971402604428E+000
 0858  0.6517971402604428E+000
 0859  0.6517971402604428E+000
 0860  0.6517971402604428E+000
 0861  0.6517971402604428E+000
 0862  0.6517971402604428E+000
 0863  0.6517971402604428E+000
 0864  0.6517971402604428E+000
 0865  0.6517971402604428E+000
 0866  0.6517971402604428E+000
 0867  0.6517971402604428E+000
 0868  0.6517971402604428E+000
 0869  0.6517971402604428E+000
 0870  0.6517971402604428E+000
 0871  0.6517971402604428E+000
 0872  0.6517971402604428E+000
 0873  0.6517971402604428E+000
 0874  0.6517971402604428E+000
 0875  0.6517971402604428E+000
 0876  0.6517971402604428E+000
 0877  0.6517971402604428E+000
 0878  0.6517971402604428E+000
 0879  0.6517971402604428E+000
 0880  0.6517971402604428E+000
 0881  0.6517971402604428E+000
 0882  0.6517971402604428E+000
 0883  0.6517971402604428E+000
 0884  0.6517971402604428E+000
 0885  0.6517971402604428E+000
 0886  0.6517971402604428E+000
 0887  0.6517971402604428E+000
 0888  0.6517971402604428E+000
 0889  0.6517971402604428E+000
 0890  0.6517971402604428E+000
 0891  0.6517971402604428E+000
 0892  0.6517971402604428E+000
 0893  0.6517971402604428E+000
 0894  0.6517971402604428E+000
 0895  0.6517971402604428E+000
 0896  0.6517971402604428E+000
 0897  0.6517971402604428E+000
 0898  0.6517971402604428E+000
 0899  0.6517971402604428E+000
 0900  0.6517971402604428E+000
 0901  0.6517971402604428E+000
 0902  0.6517971402604428E+000
 0903  0.6517971402604428E+000
 0904  0.6517971402604428E+000
 0905  0.6517971402604428E+000
 0906  0.6517971402604428E+000
 0907  0.6517971402604428E+000
 0908  0.6517971402604428E+000
 0909  0.6517971402604428E+000
 0910  0.6517971402604428E+000
 0911  0.6517971402604428E+000
 0912  0.6517971402604428E+000
 0913  0.6517971402604428E+000
 0914  0.6517971402604428E+000
 0915  0.6517971402604428E+000
 0916  0.6517971402604428E+000
 0917  0.6517971402604428E+000
 0918  0.6517971402604428E+000
 0919  0.6517971402604428E+000
 0920  0.6517971402604428E+000
 0921  0.6517971402604428E+000
 0922  0.6517971402604428E+000
 0923  0.6517971402604428E+000
 0924  0.6517971402604428E+000
 0925  0.6517971402604428E+000
 0926  0.6517971402604428E+000
 0927  0.6517971402604428E+000
 0928  0.6517971402604428E+000
 0929  0.6517971402604428E+000
 0930  0.6517971402604428E+000
 0931  0.6517971402604428E+000
 0932  0.6517971402604428E+000
 0933  0.6517971402604428E+000
 0934  0.6517971402604428E+000
 0935  0.6517971402604428E+000
 0936  0.6517971402604428E+000
 0937  0.6517971402604428E+000
 0938  0.6517971402604428E+000
 0939  0.6517971402604428E+000
 0940  0.6517971402604428E+000
 0941  0.6517971402604428E+000
 0942  0.6517971402604428E+000
 0943  0.6517971402604428E+000
 0944  0.6517971402604428E+000
 0945  0.6517971402604428E+000
 0946  0.6517971402604428E+000
 0947  0.6517971402604428E+000
 0948  0.6517971402604428E+000
 0949  0.6517971402604428E+000
 0950  0.6517971402604428E+000
 0951  0.6517971402604428E+000
 0952  0.6517971402604428E+000
 0953  0.6517971402604428E+000
 0954  0.6517971402604428E+000
 0955  0.6517971402604428E+000
 0956  0.6517971402604428E+000
 0957  0.6517971402604428E+000
 0958  0.6517971402604428E+000
 0959  0.6517971402604428E+000
 0960  0.6517971402604428E+000
 0961  0.6517971402604428E+000
 0962  0.6517971402604428E+000
 0963  0.6517971402604428E+000
 0964  0.6517971402604428E+000
 0965  0.6517971402604428E+000
 0966  0.6517971402604428E+000
 0967  0.6517971402604428E+000
 0968  0.6517971402604428E+000
 0969  0.6517971402604428E+000
 0970  0.6517971402604428E+000
 0971  0.6517971402604428E+000
 0972  0.6517971402604428E+000
 0973  0.6517971402604428E+000
 0974  0.6517971402604428E+000
 0975  0.6517971402604428E+000
 0976  0.6517971402604428E+000
 0977  0.6517971402604428E+000
 0978  0.6517971402604428E+000
 0979  0.6517971402604428E+000
 0980  0.6517971402604428E+000
 0981  0.6517971402604428E+000
 0982  0.6517971402604428E+000
 0983  0.6517971402604428E+000
 0984  0.6517971402604428E+000
 0985  0.6517971402604428E+000
 0986  0.6517971402604428E+000
 0987  0.6517971402604428E+000
 0988  0.6517971402604428E+000
 0989  0.6517971402604428E+000
 0990  0.6517971402604428E+000
 0991  0.6517971402604428E+000
 0992  0.6517971402604428E+000
 0993  0.6517971402604428E+000
 0994  0.6517971402604428E+000
 0995  0.6517971402604428E+000
 0996  0.6517971402604428E+000
 0997  0.6517971402604428E+000
 0998  0.6517971402604428E+000
 0999  0.6517971402604428E+000
 1000  0.6517971402604428E+000
