 0001  0.1388888888888887E-001
 0002  0.1388888888888886E-001
 0003  0.1388888888888886E-001
 0004  0.1388888888888886E-001
 0005  0.1388888888888886E-001
 0006  0.1388888888888887E-001
 0007  0.1388888888888887E-001
 0008  0.1388888888888887E-001
 0009  0.1388888888888887E-001
 0010  0.1388888888888887E-001
 0011  0.1388888888888887E-001
 0012  0.1388888888888887E-001
 0013  0.1388888888888887E-001
 0014  0.1388888888888887E-001
 0015  0.1388888888888887E-001
 0016  0.1388888888888887E-001
 0017  0.1388888888888887E-001
 0018  0.1388888888888887E-001
 0019  0.1388888888888886E-001
 0020  0.1388888888888886E-001
 0021  0.1388888888888886E-001
 0022  0.1388888888888886E-001
 0023  0.1388888888888886E-001
 0024  0.1388888888888886E-001
 0025  0.1388888888888886E-001
 0026  0.1388888888888886E-001
 0027  0.1388888888888886E-001
 0028  0.1388888888888886E-001
 0029  0.1388888888888886E-001
 0030  0.1388888888888886E-001
 0031  0.1388888888888886E-001
 0032  0.1388888888888886E-001
 0033  0.1388888888888886E-001
 0034  0.1388888888888886E-001
 0035  0.1388888888888886E-001
 0036  0.1388888888888886E-001
 0037  0.1388888888888886E-001
 0038  0.1388888888888886E-001
 0039  0.1388888888888885E-001
 0040  0.1388888888888886E-001
 0041  0.1388888888888886E-001
 0042  0.1388888888888886E-001
 0043  0.1388888888888886E-001
 0044  0.1388888888888886E-001
 0045  0.1388888888888886E-001
 0046  0.1388888888888885E-001
 0047  0.1388888888888885E-001
 0048  0.1388888888888885E-001
 0049  0.1388888888888885E-001
 0050  0.1388888888888885E-001
 0051  0.1388888888888885E-001
 0052  0.1388888888888885E-001
 0053  0.1388888888888885E-001
 0054  0.1388888888888885E-001
 0055  0.1388888888888885E-001
 0056  0.1388888888888885E-001
 0057  0.1388888888888885E-001
 0058  0.1388888888888886E-001
 0059  0.1388888888888886E-001
 0060  0.1388888888888886E-001
 0061  0.1388888888888886E-001
 0062  0.1388888888888886E-001
 0063  0.1388888888888886E-001
 0064  0.1388888888888886E-001
 0065  0.1388888888888886E-001
 0066  0.1388888888888887E-001
 0067  0.1388888888888887E-001
 0068  0.1388888888888887E-001
 0069  0.1388888888888887E-001
 0070  0.1388888888888887E-001
 0071  0.1388888888888887E-001
 0072  0.1388888888888887E-001
 0073  0.1388888888888888E-001
 0074  0.1388888888888888E-001
 0075  0.1388888888888888E-001
 0076  0.1388888888888888E-001
 0077  0.1388888888888888E-001
 0078  0.1388888888888888E-001
 0079  0.1388888888888888E-001
 0080  0.1388888888888888E-001
 0081  0.1388888888888888E-001
 0082  0.1388888888888888E-001
 0083  0.1388888888888888E-001
 0084  0.1388888888888888E-001
 0085  0.1388888888888889E-001
 0086  0.1388888888888889E-001
 0087  0.1388888888888889E-001
 0088  0.1388888888888889E-001
 0089  0.1388888888888889E-001
 0090  0.1388888888888889E-001
 0091  0.1388888888888889E-001
 0092  0.1388888888888889E-001
 0093  0.1388309850761375E-001
 0094  0.1386365741485564E-001
 0095  0.1382290129313440E-001
 0096  0.1375412510872967E-001
 0097  0.1365201206955865E-001
 0098  0.1351269515285503E-001
 0099  0.1333204909764724E-001
 0100  0.1310822685463318E-001
 0101  0.1284190352002015E-001
 0102  0.1253554901854038E-001
 0103  0.1219273711066322E-001
 0104  0.1181777054635173E-001
 0105  0.1140661878588954E-001
 0106  0.1096850081665651E-001
 0107  0.1051132818144820E-001
 0108  0.1004187501252494E-001
 0109  0.9565921497952667E-002
 0110  0.9088376224180952E-002
 0111  0.8560837491637510E-002
 0112  0.8056686690570631E-002
 0113  0.7574901949503546E-002
 0114  0.7114695973557814E-002
 0115  0.6675439165392664E-002
 0116  0.6256601624246660E-002
 0117  0.5527026650680600E-002
 0118  0.5207025658417277E-002
 0119  0.4896992601902042E-002
 0120  0.4598012301186173E-002
 0121  0.4310860815731748E-002
 0122  0.4036056610758749E-002
 0123  0.3773904354641268E-002
 0124  0.3524532364721182E-002
 0125  0.3287924578450002E-002
 0126  0.3050770818541592E-002
 0127  0.2830189594144773E-002
 0128  0.2625001544343291E-002
 0129  0.2434125157583469E-002
 0130  0.2256565743673343E-002
 0131  0.2091406015125187E-002
 0132  0.1937798021263378E-002
 0133  0.1676779898971061E-002
 0134  0.1565434946507250E-002
 0135  0.1460458420858441E-002
 0136  0.1361614171584823E-002
 0137  0.1268656247157692E-002
 0138  0.1181332632694388E-002
 0139  0.1099388389523763E-002
 0140  0.1019515811473512E-002
 0141  0.9454076684723862E-003
 0142  0.8766419209435744E-003
 0143  0.8128291769187898E-003
 0144  0.7535576005111695E-003
 0145  0.6985150141533058E-003
 0146  0.6474089854466290E-003
 0147  0.5999663490726552E-003
 0148  0.5192971227984928E-003
 0149  0.4848967708548874E-003
 0150  0.4526141485200054E-003
 0151  0.4223362500980771E-003
 0152  0.3930936199787935E-003
 0153  0.3658723666503409E-003
 0154  0.3405174842540919E-003
 0155  0.3169026381764345E-003
 0156  0.2949099009611597E-003
 0157  0.2744292058826512E-003
 0158  0.2553578348293573E-003
 0159  0.2375999384578390E-003
 0160  0.2210660866875940E-003
 0161  0.1926957878701589E-003
 0162  0.1804970412385232E-003
 0163  0.1687483639726349E-003
 0164  0.1577605616001795E-003
 0165  0.1474846520969306E-003
 0166  0.1378747840347004E-003
 0167  0.1288880382609600E-003
 0168  0.1204842420024666E-003
 0169  0.1126257946257539E-003
 0170  0.1052774881774264E-003
 0171  0.9840637662797209E-004
 0172  0.9198163106172727E-004
 0173  0.8073441671253223E-004
 0174  0.7581447360131401E-004
 0175  0.7119345444800105E-004
 0176  0.6685325092325274E-004
 0177  0.6277684909999073E-004
 0178  0.5894826336455926E-004
 0179  0.5535247432775589E-004
 0180  0.5197460634602513E-004
 0181  0.4880162023905678E-004
 0182  0.4582123945359709E-004
 0183  0.4297252999782838E-004
 0184  0.3800733970639742E-004
 0185  0.3584057313877288E-004
 0186  0.3379704881763059E-004
 0187  0.3186943708285824E-004
 0188  0.3005122811257358E-004
 0189  0.2833627155204917E-004
 0190  0.2671875721198903E-004
 0191  0.2516972484556844E-004
 0192  0.2371222072168834E-004
 0193  0.2234071560401463E-004
 0194  0.1992598144017169E-004
 0195  0.1886185984494145E-004
 0196  0.1785433147417036E-004
 0197  0.1690041035574229E-004
 0198  0.1599726550753653E-004
 0199  0.1513042574993010E-004
 0200  0.1431127582272492E-004
 0201  0.1353715077227210E-004
 0202  0.1280553666091536E-004
 0203  0.1150644434104499E-004
 0204  0.1092920083267806E-004
 0205  0.1038076720993532E-004
 0206  0.9853285848196259E-005
 0207  0.9352984773453893E-005
 0208  0.8878442991465962E-005
 0209  0.8428314911439629E-005
 0210  0.8001326168894421E-005
 0211  0.7596235836147700E-005
 0212  0.6867567605228524E-005
 0213  0.6539876870755630E-005
 0214  0.6228020441093637E-005
 0215  0.5931202206276313E-005
 0216  0.5648689684497556E-005
 0217  0.5379786340917292E-005
 0218  0.5123829865954495E-005
 0219  0.4877692177101284E-005
 0220  0.4435041642499678E-005
 0221  0.4235889924803514E-005
 0222  0.4045773554111598E-005
 0223  0.3864278741024476E-005
 0224  0.3691000995248008E-005
 0225  0.3523995162277424E-005
 0226  0.3364715021907990E-005
 0227  0.3076475870694303E-005
 0228  0.2945989690220945E-005
 0229  0.2821085707055493E-005
 0230  0.2700474807683520E-005
 0231  0.2585128067830536E-005
 0232  0.2474806412489354E-005
 0233  0.2369286892493825E-005
 0234  0.2177252555073519E-005
 0235  0.2089116366001469E-005
 0236  0.2004614806047607E-005
 0237  0.1923595381370328E-005
 0238  0.1845912093944214E-005
 0239  0.1771422518070309E-005
 0240  0.1699447767130138E-005
 0241  0.1567936547959800E-005
 0242  0.1507833709961288E-005
 0243  0.1450073801206255E-005
 0244  0.1394564116025602E-005
 0245  0.1340831016341865E-005
 0246  0.1289221542191502E-005
 0247  0.1194479421278740E-005
 0248  0.1150980206683626E-005
 0249  0.1108805604470896E-005
 0250  0.1068214128028134E-005
 0251  0.1029144096355066E-005
 0252  0.9915372831305983E-006
 0253  0.9217817175954970E-006
 0254  0.8896456798753282E-006
 0255  0.8586554432109525E-006
 0256  0.8287687044225750E-006
 0257  0.7997705822757774E-006
 0258  0.7461433230839745E-006
 0259  0.7213413513324587E-006
 0260  0.6972433409034068E-006
 0261  0.6739729552809523E-006
 0262  0.6515010820729462E-006
 0263  0.6297992920870158E-006
 0264  0.5894126024725701E-006
 0265  0.5706210274527416E-006
 0266  0.5524445275978005E-006
 0267  0.5348625119544781E-006
 0268  0.5177656409530226E-006
 0269  0.4859459951799677E-006
 0270  0.4711368358387681E-006
 0271  0.4567184521677874E-006
 0272  0.4427550906026847E-006
 0273  0.4166881194440633E-006
 0274  0.4044612801812448E-006
 0275  0.3926039021229063E-006
 0276  0.3811045450745212E-006
 0277  0.3699009053219119E-006
 0278  0.3489357844995621E-006
 0279  0.3391258591317241E-006
 0280  0.3295575484741074E-006
 0281  0.3202682490185947E-006
 0282  0.3028041389322320E-006
 0283  0.2945952644056403E-006
 0284  0.2866161136562660E-006
 0285  0.2788285602503084E-006
 0286  0.2712604206935118E-006
 0287  0.2570309898639597E-006
 0288  0.2503149856571870E-006
 0289  0.2437807511846662E-006
 0290  0.2374231839314895E-006
 0291  0.2253980849101711E-006
 0292  0.2197336137342038E-006
 0293  0.2141962280269754E-006
 0294  0.2088038004870966E-006
 0295  0.1986054306752934E-006
 0296  0.1937832208544935E-006
 0297  0.1890664748309884E-006
 0298  0.1844692829107508E-006
 0299  0.1757605004023050E-006
 0300  0.1716358004936453E-006
 0301  0.1676117994619025E-006
 0302  0.1599627916270968E-006
 0303  0.1563284157184349E-006
 0304  0.1527801270148113E-006
 0305  0.1493158094219418E-006
 0306  0.1427214850927366E-006
 0307  0.1395838039104535E-006
 0308  0.1365181903906630E-006
 0309  0.1306832859645744E-006
 0310  0.1279066691971087E-006
 0311  0.1251841378917369E-006
 0312  0.1199953422976010E-006
 0313  0.1175229155691693E-006
 0314  0.1151037721902952E-006
 0315  0.1127305050331537E-006
 0316  0.1082014323032067E-006
 0317  0.1060405363104655E-006
 0318  0.1039196083050889E-006
 0319  0.9986714792759034E-007
 0320  0.9793129145453574E-007
 0321  0.9603034775900126E-007
 0322  0.9239395259481239E-007
 0323  0.9065481864485467E-007
 0324  0.8894626974876228E-007
 0325  0.8567423633622491E-007
 0326  0.8410760489244385E-007
 0327  0.8109752115828362E-007
 0328  0.7965480474347488E-007
 0329  0.7823625481897682E-007
 0330  0.7551394070803350E-007
 0331  0.7420525763401103E-007
 0332  0.7292056088664352E-007
 0333  0.7045035605252991E-007
 0334  0.6926298453685341E-007
 0335  0.6697788981595269E-007
 0336  0.6587851774459060E-007
 0337  0.6479638500645246E-007
 0338  0.6271401204059980E-007
 0339  0.6171050421954370E-007
 0340  0.5977776025972006E-007
 0341  0.5884561574190805E-007
 0342  0.5792893815358234E-007
 0343  0.5615918570236431E-007
 0344  0.5530508141206711E-007
 0345  0.5365750902430741E-007
 0346  0.5286177245950816E-007
 0347  0.5132451047729937E-007
 0348  0.5058207891851275E-007
 0349  0.4985010471537223E-007
 0350  0.4843416529658440E-007
 0351  0.4774945662006740E-007
 0352  0.4642500245099486E-007
 0353  0.4578452995369138E-007
 0354  0.4454404619353753E-007
 0355  0.4394342880568191E-007
 0356  0.4277949347808971E-007
 0357  0.4221562480115523E-007
 0358  0.4112231938852291E-007
 0359  0.4059238432826119E-007
 0360  0.3956434128498857E-007
 0361  0.3906577888797122E-007
 0362  0.3809810503469491E-007
 0363  0.3762812246111183E-007
 0364  0.3671552338542951E-007
 0365  0.3627252540794086E-007
 0366  0.3541152629038999E-007
 0367  0.3458857511408314E-007
 0368  0.3418871029651379E-007
 0369  0.3341053052124806E-007
 0370  0.3303225967278063E-007
 0371  0.3229583367190462E-007
 0372  0.3159030932558191E-007
 0373  0.3124681765417808E-007
 0374  0.3057785178003255E-007
 0375  0.3025215371397541E-007
 0376  0.2961719511637418E-007
 0377  0.2900784231199968E-007
 0378  0.2871076917249308E-007
 0379  0.2813141567410747E-007
 0380  0.2757467084169183E-007
 0381  0.2730307442215529E-007
 0382  0.2677292680571394E-007
 0383  0.2626271983654975E-007
 0384  0.2601362402235734E-007
 0385  0.2552712715928109E-007
 0386  0.2505842826057468E-007
 0387  0.2482943303361291E-007
 0388  0.2438186949360371E-007
 0389  0.2395018813718940E-007
 0390  0.2353381288837831E-007
 0391  0.2333013364608396E-007
 0392  0.2293163613873960E-007
 0393  0.2254676938051258E-007
 0394  0.2217489553450849E-007
 0395  0.2199291327730520E-007
 0396  0.2163643473583297E-007
 0397  0.2129173250432942E-007
 0398  0.2095821978823761E-007
 0399  0.2063542814185854E-007
 0400  0.2032286310071918E-007
 0401  0.2002012096676307E-007
 0402  0.1987167910225910E-007
 0403  0.1958049643946249E-007
 0404  0.1929820853149351E-007
 0405  0.1902447918669882E-007
 0406  0.1875891614557397E-007
 0407  0.1850119902306303E-007
 0408  0.1825101439206247E-007
 0409  0.1800815417439828E-007
 0410  0.1777268401518804E-007
 0411  0.1754431821336156E-007
 0412  0.1732276534158176E-007
 0413  0.1710774902190121E-007
 0414  0.1689900699427008E-007
 0415  0.1669629025197615E-007
 0416  0.1649936223855781E-007
 0417  0.1630799810122806E-007
 0418  0.1603189765615619E-007
 0419  0.1585478431358424E-007
 0420  0.1568247176668199E-007
 0421  0.1551478296754022E-007
 0422  0.1535154910821876E-007
 0423  0.1511550666392618E-007
 0424  0.1496375704191028E-007
 0425  0.1481588485833617E-007
 0426  0.1467175532568329E-007
 0427  0.1446299018423791E-007
 0428  0.1432855700516059E-007
 0429  0.1419740254102854E-007
 0430  0.1400719862991861E-007
 0431  0.1388457073581906E-007
 0432  0.1370657948175247E-007
 0433  0.1359172851012663E-007
 0434  0.1342488969958466E-007
 0435  0.1331714900250156E-007
 0436  0.1316051837653514E-007
 0437  0.1305929332670325E-007
 0438  0.1291202742370885E-007
 0439  0.1277035934133139E-007
 0440  0.1267869628213370E-007
 0441  0.1254518977275107E-007
 0442  0.1241657990388070E-007
 0443  0.1229262225767082E-007
 0444  0.1221229875472089E-007
 0445  0.1209513943111484E-007
 0446  0.1198207847182899E-007
 0447  0.1187292148581741E-007
 0448  0.1176748589686292E-007
 0449  0.1166560007139118E-007
 0450  0.1156710252165525E-007
 0451  0.1144101281177807E-007
 0452  0.1135017866596028E-007
 0453  0.1126224263661457E-007
 0454  0.1117708048613304E-007
 0455  0.1106783849367436E-007
 0456  0.1098898470475050E-007
 0457  0.1088773071972707E-007
 0458  0.1081456976498624E-007
 0459  0.1072053560957594E-007
 0460  0.1063045293804144E-007
 0461  0.1054410258652566E-007
 0462  0.1048158690202494E-007
 0463  0.1040108254650672E-007
 0464  0.1030507609999157E-007
 0465  0.1023175899480108E-007
 0466  0.1016128663831432E-007
 0467  0.1007708124812948E-007
 0468  0.1001265628588023E-007
 0469  0.9935582837445189E-008
 0470  0.9862212155667201E-008
 0471  0.9805975308742348E-008
 0472  0.9725558096555541E-008
 0473  0.9662003385189404E-008
 0474  0.9601342559038120E-008
 0475  0.9532200139984331E-008
 0476  0.9466839404802925E-008
 0477  0.9405003614307457E-008
 0478  0.9346457896875461E-008
 0479  0.9282074026621583E-008
 0480  0.9221650752904876E-008
 0481  0.9164892660237395E-008
 0482  0.9111531640344792E-008
 0483  0.9054430348903197E-008
 0484  0.8994812435000902E-008
 0485  0.8939693252994070E-008
 0486  0.8888675411650330E-008
 0487  0.8831427772317349E-008
 0488  0.8779297221512442E-008
 0489  0.8731761693643549E-008
 0490  0.8680920464331179E-008
 0491  0.8628690018431599E-008
 0492  0.8579653453912626E-008
 0493  0.8531625796769347E-008
 0494  0.8483766281553300E-008
 0495  0.8438100601975181E-008
 0496  0.8392036064580353E-008
 0497  0.8346391740633451E-008
 0498  0.8338607444107143E-008
 0499  0.8338607444107143E-008
 0500  0.8338607444107143E-008
 0501  0.8338607444107143E-008
 0502  0.8338607444107143E-008
 0503  0.8338607444107143E-008
 0504  0.8338607444107143E-008
 0505  0.8338607444107143E-008
 0506  0.8338607444107143E-008
 0507  0.8338607444107143E-008
 0508  0.8338607444107143E-008
 0509  0.8338607444107143E-008
 0510  0.8338607444107143E-008
 0511  0.8338607444107143E-008
 0512  0.8338607444107143E-008
 0513  0.8338607444107143E-008
 0514  0.8338607444107143E-008
 0515  0.8338607444107143E-008
 0516  0.8338607444107143E-008
 0517  0.8338607444107143E-008
 0518  0.8338607444107143E-008
 0519  0.8338607444107143E-008
 0520  0.8338607444107143E-008
 0521  0.8338607444107143E-008
 0522  0.8338607444107143E-008
 0523  0.8338607444107143E-008
 0524  0.8338607444107143E-008
 0525  0.8338607444107143E-008
 0526  0.8338607444107143E-008
 0527  0.8338607444107143E-008
 0528  0.8338607444107143E-008
 0529  0.8338607444107143E-008
 0530  0.8338607444107143E-008
 0531  0.8338607444107143E-008
 0532  0.8338607444107143E-008
 0533  0.8338607444107143E-008
 0534  0.8338607444107143E-008
 0535  0.8338607444107143E-008
 0536  0.8338607444107143E-008
 0537  0.8338607444107143E-008
 0538  0.8338607444107143E-008
 0539  0.8338607444107143E-008
 0540  0.8338607444107143E-008
 0541  0.8338607444107143E-008
 0542  0.8338607444107143E-008
 0543  0.8338607444107143E-008
 0544  0.8338607444107143E-008
 0545  0.8338607444107143E-008
 0546  0.8338607444107143E-008
 0547  0.8338607444107143E-008
 0548  0.8338607444107143E-008
 0549  0.8338607444107143E-008
 0550  0.8338607444107143E-008
 0551  0.8338607444107143E-008
 0552  0.8338607444107143E-008
 0553  0.8338607444107143E-008
 0554  0.8338607444107143E-008
 0555  0.8338607444107143E-008
 0556  0.8338607444107143E-008
 0557  0.8338607444107143E-008
 0558  0.8338607444107143E-008
 0559  0.8338607444107143E-008
 0560  0.8338607444107143E-008
 0561  0.8338607444107143E-008
 0562  0.8338607444107143E-008
 0563  0.8338607444107143E-008
 0564  0.8338607444107143E-008
 0565  0.8338607444107143E-008
 0566  0.8338607444107143E-008
 0567  0.8338607444107143E-008
 0568  0.8338607444107143E-008
 0569  0.8338607444107143E-008
 0570  0.8338607444107143E-008
 0571  0.8338607444107143E-008
 0572  0.8338607444107143E-008
 0573  0.8338607444107143E-008
 0574  0.8338607444107143E-008
 0575  0.8338607444107143E-008
 0576  0.8338607444107143E-008
 0577  0.8338607444107143E-008
 0578  0.8338607444107143E-008
 0579  0.8338607444107143E-008
 0580  0.8338607444107143E-008
 0581  0.8338607444107143E-008
 0582  0.8338607444107143E-008
 0583  0.8338607444107143E-008
 0584  0.8338607444107143E-008
 0585  0.8338607444107143E-008
 0586  0.8338607444107143E-008
 0587  0.8338607444107143E-008
 0588  0.8338607444107143E-008
 0589  0.8338607444107143E-008
 0590  0.8338607444107143E-008
 0591  0.8338607444107143E-008
 0592  0.8338607444107143E-008
 0593  0.8338607444107143E-008
 0594  0.8338607444107143E-008
 0595  0.8338607444107143E-008
 0596  0.8338607444107143E-008
 0597  0.8338607444107143E-008
 0598  0.8338607444107143E-008
 0599  0.8338607444107143E-008
 0600  0.8338607444107143E-008
 0601  0.8338607444107143E-008
 0602  0.8338607444107143E-008
 0603  0.8338607444107143E-008
 0604  0.8338607444107143E-008
 0605  0.8338607444107143E-008
 0606  0.8338607444107143E-008
 0607  0.8338607444107143E-008
 0608  0.8338607444107143E-008
 0609  0.8338607444107143E-008
 0610  0.8338607444107143E-008
 0611  0.8338607444107143E-008
 0612  0.8338607444107143E-008
 0613  0.8338607444107143E-008
 0614  0.8338607444107143E-008
 0615  0.8338607444107143E-008
 0616  0.8338607444107143E-008
 0617  0.8338607444107143E-008
 0618  0.8338607444107143E-008
 0619  0.8338607444107143E-008
 0620  0.8338607444107143E-008
 0621  0.8338607444107143E-008
 0622  0.8338607444107143E-008
 0623  0.8338607444107143E-008
 0624  0.8338607444107143E-008
 0625  0.8338607444107143E-008
 0626  0.8338607444107143E-008
 0627  0.8338607444107143E-008
 0628  0.8338607444107143E-008
 0629  0.8338607444107143E-008
 0630  0.8338607444107143E-008
 0631  0.8338607444107143E-008
 0632  0.8338607444107143E-008
 0633  0.8338607444107143E-008
 0634  0.8338607444107143E-008
 0635  0.8338607444107143E-008
 0636  0.8338607444107143E-008
 0637  0.8338607444107143E-008
 0638  0.8338607444107143E-008
 0639  0.8338607444107143E-008
 0640  0.8338607444107143E-008
 0641  0.8338607444107143E-008
 0642  0.8338607444107143E-008
 0643  0.8338607444107143E-008
 0644  0.8338607444107143E-008
 0645  0.8338607444107143E-008
 0646  0.8338607444107143E-008
 0647  0.8338607444107143E-008
 0648  0.8338607444107143E-008
 0649  0.8338607444107143E-008
 0650  0.8338607444107143E-008
 0651  0.8338607444107143E-008
 0652  0.8338607444107143E-008
 0653  0.8338607444107143E-008
 0654  0.8338607444107143E-008
 0655  0.8338607444107143E-008
 0656  0.8338607444107143E-008
 0657  0.8338607444107143E-008
 0658  0.8338607444107143E-008
 0659  0.8338607444107143E-008
 0660  0.8338607444107143E-008
 0661  0.8338607444107143E-008
 0662  0.8338607444107143E-008
 0663  0.8338607444107143E-008
 0664  0.8338607444107143E-008
 0665  0.8338607444107143E-008
 0666  0.8338607444107143E-008
 0667  0.8338607444107143E-008
 0668  0.8338607444107143E-008
 0669  0.8338607444107143E-008
 0670  0.8338607444107143E-008
 0671  0.8338607444107143E-008
 0672  0.8338607444107143E-008
 0673  0.8338607444107143E-008
 0674  0.8338607444107143E-008
 0675  0.8338607444107143E-008
 0676  0.8338607444107143E-008
 0677  0.8338607444107143E-008
 0678  0.8338607444107143E-008
 0679  0.8338607444107143E-008
 0680  0.8338607444107143E-008
 0681  0.8338607444107143E-008
 0682  0.8338607444107143E-008
 0683  0.8338607444107143E-008
 0684  0.8338607444107143E-008
 0685  0.8338607444107143E-008
 0686  0.8338607444107143E-008
 0687  0.8338607444107143E-008
 0688  0.8338607444107143E-008
 0689  0.8338607444107143E-008
 0690  0.8338607444107143E-008
 0691  0.8338607444107143E-008
 0692  0.8338607444107143E-008
 0693  0.8338607444107143E-008
 0694  0.8338607444107143E-008
 0695  0.8338607444107143E-008
 0696  0.8338607444107143E-008
 0697  0.8338607444107143E-008
 0698  0.8338607444107143E-008
 0699  0.8338607444107143E-008
 0700  0.8338607444107143E-008
 0701  0.8338607444107143E-008
 0702  0.8338607444107143E-008
 0703  0.8338607444107143E-008
 0704  0.8338607444107143E-008
 0705  0.8338607444107143E-008
 0706  0.8338607444107143E-008
 0707  0.8338607444107143E-008
 0708  0.8338607444107143E-008
 0709  0.8338607444107143E-008
 0710  0.8338607444107143E-008
 0711  0.8338607444107143E-008
 0712  0.8338607444107143E-008
 0713  0.8338607444107143E-008
 0714  0.8338607444107143E-008
 0715  0.8338607444107143E-008
 0716  0.8338607444107143E-008
 0717  0.8338607444107143E-008
 0718  0.8338607444107143E-008
 0719  0.8338607444107143E-008
 0720  0.8338607444107143E-008
 0721  0.8338607444107143E-008
 0722  0.8338607444107143E-008
 0723  0.8338607444107143E-008
 0724  0.8338607444107143E-008
 0725  0.8338607444107143E-008
 0726  0.8338607444107143E-008
 0727  0.8338607444107143E-008
 0728  0.8338607444107143E-008
 0729  0.8338607444107143E-008
 0730  0.8338607444107143E-008
 0731  0.8338607444107143E-008
 0732  0.8338607444107143E-008
 0733  0.8338607444107143E-008
 0734  0.8338607444107143E-008
 0735  0.8338607444107143E-008
 0736  0.8338607444107143E-008
 0737  0.8338607444107143E-008
 0738  0.8338607444107143E-008
 0739  0.8338607444107143E-008
 0740  0.8338607444107143E-008
 0741  0.8338607444107143E-008
 0742  0.8338607444107143E-008
 0743  0.8338607444107143E-008
 0744  0.8338607444107143E-008
 0745  0.8338607444107143E-008
 0746  0.8338607444107143E-008
 0747  0.8338607444107143E-008
 0748  0.8338607444107143E-008
 0749  0.8338607444107143E-008
 0750  0.8338607444107143E-008
 0751  0.8338607444107143E-008
 0752  0.8338607444107143E-008
 0753  0.8338607444107143E-008
 0754  0.8338607444107143E-008
 0755  0.8338607444107143E-008
 0756  0.8338607444107143E-008
 0757  0.8338607444107143E-008
 0758  0.8338607444107143E-008
 0759  0.8338607444107143E-008
 0760  0.8338607444107143E-008
 0761  0.8338607444107143E-008
 0762  0.8338607444107143E-008
 0763  0.8338607444107143E-008
 0764  0.8338607444107143E-008
 0765  0.8338607444107143E-008
 0766  0.8338607444107143E-008
 0767  0.8338607444107143E-008
 0768  0.8338607444107143E-008
 0769  0.8338607444107143E-008
 0770  0.8338607444107143E-008
 0771  0.8338607444107143E-008
 0772  0.8338607444107143E-008
 0773  0.8338607444107143E-008
 0774  0.8338607444107143E-008
 0775  0.8338607444107143E-008
 0776  0.8338607444107143E-008
 0777  0.8338607444107143E-008
 0778  0.8338607444107143E-008
 0779  0.8338607444107143E-008
 0780  0.8338607444107143E-008
 0781  0.8338607444107143E-008
 0782  0.8338607444107143E-008
 0783  0.8338607444107143E-008
 0784  0.8338607444107143E-008
 0785  0.8338607444107143E-008
 0786  0.8338607444107143E-008
 0787  0.8338607444107143E-008
 0788  0.8338607444107143E-008
 0789  0.8338607444107143E-008
 0790  0.8338607444107143E-008
 0791  0.8338607444107143E-008
 0792  0.8338607444107143E-008
 0793  0.8338607444107143E-008
 0794  0.8338607444107143E-008
 0795  0.8338607444107143E-008
 0796  0.8338607444107143E-008
 0797  0.8338607444107143E-008
 0798  0.8338607444107143E-008
 0799  0.8338607444107143E-008
 0800  0.8338607444107143E-008
 0801  0.8338607444107143E-008
 0802  0.8338607444107143E-008
 0803  0.8338607444107143E-008
 0804  0.8338607444107143E-008
 0805  0.8338607444107143E-008
 0806  0.8338607444107143E-008
 0807  0.8338607444107143E-008
 0808  0.8338607444107143E-008
 0809  0.8338607444107143E-008
 0810  0.8338607444107143E-008
 0811  0.8338607444107143E-008
 0812  0.8338607444107143E-008
 0813  0.8338607444107143E-008
 0814  0.8338607444107143E-008
 0815  0.8338607444107143E-008
 0816  0.8338607444107143E-008
 0817  0.8338607444107143E-008
 0818  0.8338607444107143E-008
 0819  0.8338607444107143E-008
 0820  0.8338607444107143E-008
 0821  0.8338607444107143E-008
 0822  0.8338607444107143E-008
 0823  0.8338607444107143E-008
 0824  0.8338607444107143E-008
 0825  0.8338607444107143E-008
 0826  0.8338607444107143E-008
 0827  0.8338607444107143E-008
 0828  0.8338607444107143E-008
 0829  0.8338607444107143E-008
 0830  0.8338607444107143E-008
 0831  0.8338607444107143E-008
 0832  0.8338607444107143E-008
 0833  0.8338607444107143E-008
 0834  0.8338607444107143E-008
 0835  0.8338607444107143E-008
 0836  0.8338607444107143E-008
 0837  0.8338607444107143E-008
 0838  0.8338607444107143E-008
 0839  0.8338607444107143E-008
 0840  0.8338607444107143E-008
 0841  0.8338607444107143E-008
 0842  0.8338607444107143E-008
 0843  0.8338607444107143E-008
 0844  0.8338607444107143E-008
 0845  0.8338607444107143E-008
 0846  0.8338607444107143E-008
 0847  0.8338607444107143E-008
 0848  0.8338607444107143E-008
 0849  0.8338607444107143E-008
 0850  0.8338607444107143E-008
 0851  0.8338607444107143E-008
 0852  0.8338607444107143E-008
 0853  0.8338607444107143E-008
 0854  0.8338607444107143E-008
 0855  0.8338607444107143E-008
 0856  0.8338607444107143E-008
 0857  0.8338607444107143E-008
 0858  0.8338607444107143E-008
 0859  0.8338607444107143E-008
 0860  0.8338607444107143E-008
 0861  0.8338607444107143E-008
 0862  0.8338607444107143E-008
 0863  0.8338607444107143E-008
 0864  0.8338607444107143E-008
 0865  0.8338607444107143E-008
 0866  0.8338607444107143E-008
 0867  0.8338607444107143E-008
 0868  0.8338607444107143E-008
 0869  0.8338607444107143E-008
 0870  0.8338607444107143E-008
 0871  0.8338607444107143E-008
 0872  0.8338607444107143E-008
 0873  0.8338607444107143E-008
 0874  0.8338607444107143E-008
 0875  0.8338607444107143E-008
 0876  0.8338607444107143E-008
 0877  0.8338607444107143E-008
 0878  0.8338607444107143E-008
 0879  0.8338607444107143E-008
 0880  0.8338607444107143E-008
 0881  0.8338607444107143E-008
 0882  0.8338607444107143E-008
 0883  0.8338607444107143E-008
 0884  0.8338607444107143E-008
 0885  0.8338607444107143E-008
 0886  0.8338607444107143E-008
 0887  0.8338607444107143E-008
 0888  0.8338607444107143E-008
 0889  0.8338607444107143E-008
 0890  0.8338607444107143E-008
 0891  0.8338607444107143E-008
 0892  0.8338607444107143E-008
 0893  0.8338607444107143E-008
 0894  0.8338607444107143E-008
 0895  0.8338607444107143E-008
 0896  0.8338607444107143E-008
 0897  0.8338607444107143E-008
 0898  0.8338607444107143E-008
 0899  0.8338607444107143E-008
 0900  0.8338607444107143E-008
 0901  0.8338607444107143E-008
 0902  0.8338607444107143E-008
 0903  0.8338607444107143E-008
 0904  0.8338607444107143E-008
 0905  0.8338607444107143E-008
 0906  0.8338607444107143E-008
 0907  0.8338607444107143E-008
 0908  0.8338607444107143E-008
 0909  0.8338607444107143E-008
 0910  0.8338607444107143E-008
 0911  0.8338607444107143E-008
 0912  0.8338607444107143E-008
 0913  0.8338607444107143E-008
 0914  0.8338607444107143E-008
 0915  0.8338607444107143E-008
 0916  0.8338607444107143E-008
 0917  0.8338607444107143E-008
 0918  0.8338607444107143E-008
 0919  0.8338607444107143E-008
 0920  0.8338607444107143E-008
 0921  0.8338607444107143E-008
 0922  0.8338607444107143E-008
 0923  0.8338607444107143E-008
 0924  0.8338607444107143E-008
 0925  0.8338607444107143E-008
 0926  0.8338607444107143E-008
 0927  0.8338607444107143E-008
 0928  0.8338607444107143E-008
 0929  0.8338607444107143E-008
 0930  0.8338607444107143E-008
 0931  0.8338607444107143E-008
 0932  0.8338607444107143E-008
 0933  0.8338607444107143E-008
 0934  0.8338607444107143E-008
 0935  0.8338607444107143E-008
 0936  0.8338607444107143E-008
 0937  0.8338607444107143E-008
 0938  0.8338607444107143E-008
 0939  0.8338607444107143E-008
 0940  0.8338607444107143E-008
 0941  0.8338607444107143E-008
 0942  0.8338607444107143E-008
 0943  0.8338607444107143E-008
 0944  0.8338607444107143E-008
 0945  0.8338607444107143E-008
 0946  0.8338607444107143E-008
 0947  0.8338607444107143E-008
 0948  0.8338607444107143E-008
 0949  0.8338607444107143E-008
 0950  0.8338607444107143E-008
 0951  0.8338607444107143E-008
 0952  0.8338607444107143E-008
 0953  0.8338607444107143E-008
 0954  0.8338607444107143E-008
 0955  0.8338607444107143E-008
 0956  0.8338607444107143E-008
 0957  0.8338607444107143E-008
 0958  0.8338607444107143E-008
 0959  0.8338607444107143E-008
 0960  0.8338607444107143E-008
 0961  0.8338607444107143E-008
 0962  0.8338607444107143E-008
 0963  0.8338607444107143E-008
 0964  0.8338607444107143E-008
 0965  0.8338607444107143E-008
 0966  0.8338607444107143E-008
 0967  0.8338607444107143E-008
 0968  0.8338607444107143E-008
 0969  0.8338607444107143E-008
 0970  0.8338607444107143E-008
 0971  0.8338607444107143E-008
 0972  0.8338607444107143E-008
 0973  0.8338607444107143E-008
 0974  0.8338607444107143E-008
 0975  0.8338607444107143E-008
 0976  0.8338607444107143E-008
 0977  0.8338607444107143E-008
 0978  0.8338607444107143E-008
 0979  0.8338607444107143E-008
 0980  0.8338607444107143E-008
 0981  0.8338607444107143E-008
 0982  0.8338607444107143E-008
 0983  0.8338607444107143E-008
 0984  0.8338607444107143E-008
 0985  0.8338607444107143E-008
 0986  0.8338607444107143E-008
 0987  0.8338607444107143E-008
 0988  0.8338607444107143E-008
 0989  0.8338607444107143E-008
 0990  0.8338607444107143E-008
 0991  0.8338607444107143E-008
 0992  0.8338607444107143E-008
 0993  0.8338607444107143E-008
 0994  0.8338607444107143E-008
 0995  0.8338607444107143E-008
 0996  0.8338607444107143E-008
 0997  0.8338607444107143E-008
 0998  0.8338607444107143E-008
 0999  0.8338607444107143E-008
 1000  0.8338607444107143E-008
