  0.0000000000E+000  0.0000000000E+000
  1.7001639014E+003  9.4654047878E+037
  3.4000404476E+003  1.0603681508E+038
  5.1000698177E+003  1.1279367233E+038
  6.8000612051E+003  1.1698286312E+038
  8.5000676777E+003  1.1957999341E+038
  1.0200096093E+004  1.2109469021E+038
  1.1900074768E+004  1.2190676159E+038
  1.3600076831E+004  1.2230595219E+038
  1.5300100353E+004  1.2251615315E+038
  1.7000079755E+004  1.2267803391E+038
  1.8700084124E+004  1.2286337304E+038
  2.0400054767E+004  1.2311145329E+038
  2.2100073736E+004  1.2342644130E+038
  2.3800069684E+004  1.2379729339E+038
  2.5500042353E+004  1.2420689507E+038
  2.7200051969E+004  1.2463506914E+038
  2.8900060238E+004  1.2506786084E+038
  3.0600069968E+004  1.2549239894E+038
  3.2300081734E+004  1.2589992811E+038
  3.4000043960E+004  1.2628295151E+038
  3.5700083267E+004  1.2663638086E+038
  3.7400080115E+004  1.2695674810E+038
  3.9100061483E+004  1.2724295121E+038
  4.0800097477E+004  1.2749434508E+038
  4.2500063846E+004  1.2771186381E+038
  4.4200085068E+004  1.2789671999E+038
  4.5900050332E+004  1.2805011396E+038
  4.7600060963E+004  1.2817305745E+038
  4.9300074363E+004  1.2826778924E+038
  5.1000091497E+004  1.2833609063E+038
  5.2700075099E+004  1.2837874921E+038
  5.4400099938E+004  1.2839707902E+038
  5.6100098331E+004  1.2839409170E+038
  5.7800098675E+004  1.2837124682E+038
  5.9500107235E+004  1.2833157686E+038
  6.1200091082E+004  1.2827594032E+038
  6.2900087864E+004  1.2820513473E+038
  6.4600073171E+004  1.2812026165E+038
  6.6300065512E+004  1.2802246685E+038
  6.8000062453E+004  1.2791373513E+038
  6.9700091771E+004  1.2779526348E+038
  7.1400087376E+004  1.2766625655E+038
  7.3100071926E+004  1.2752841571E+038
  7.4800078099E+004  1.2738231910E+038
  7.6500052995E+004  1.2722447288E+038
  7.8200063710E+004  1.2705325689E+038
  7.9900100567E+004  1.2686865575E+038
  8.1600082185E+004  1.2667394557E+038
  8.3300092077E+004  1.2647194634E+038
  8.5000060296E+004  1.2626186775E+038
  8.6700099174E+004  1.2604361053E+038
  8.8400061410E+004  1.2581898389E+038
  9.0100062079E+004  1.2559017413E+038
  9.1800092056E+004  1.2535865349E+038
  9.3500068848E+004  1.2512383964E+038
  9.5200086717E+004  1.2488490344E+038
  9.6900063886E+004  1.2464161115E+038
  9.8600074506E+004  1.2439456705E+038
  1.0030009022E+005  1.2414492464E+038
  1.0200010136E+005  1.2389382018E+038
  1.0370006538E+005  1.2364187070E+038
  1.0540009846E+005  1.2338907281E+038
  1.0710009466E+005  1.2313554061E+038
  1.0880009949E+005  1.2288136124E+038
  1.1050005591E+005  1.2262605192E+038
  1.1220010242E+005  1.2236903910E+038
  1.1390007495E+005  1.2211073538E+038
  1.1560005437E+005  1.2185192187E+038
  1.1730005527E+005  1.2159313645E+038
  1.1900008681E+005  1.2133466631E+038
  1.2070007705E+005  1.2107670997E+038
  1.2240006795E+005  1.2081943469E+038
  1.2410005732E+005  1.2056302788E+038
  1.2580005532E+005  1.2030764715E+038
  1.2750010069E+005  1.2005336779E+038
  1.2920008314E+005  1.1980028899E+038
  1.3090009435E+005  1.1954853406E+038
  1.3260007197E+005  1.1929825704E+038
  1.3430009197E+005  1.1904957309E+038
  1.3600006586E+005  1.1880255402E+038
  1.3770010187E+005  1.2829086921E+040
  1.3940010043E+005  1.4156926742E+045
  1.4110007383E+005  1.5807084967E+044
  1.4280005816E+005  6.2458122761E+043
  1.4450006199E+005  3.6704113881E+043
  1.4620007149E+005  2.6052092611E+043
  1.4790008877E+005  2.0377747661E+043
  1.4960010321E+005  1.6872776742E+043
  1.5130006833E+005  1.4497050924E+043
  1.5300006042E+005  1.2782423936E+043
  1.5470008565E+005  1.1494404385E+043
  1.5640009199E+005  1.0490351068E+043
  1.5810006202E+005  9.6779869059E+042
  1.5980009304E+005  9.0055699240E+042
  1.6150007574E+005  8.4466694744E+042
  1.6320006247E+005  7.9783021133E+042
  1.6490009911E+005  7.5799745075E+042
  1.6660007416E+005  7.2316417499E+042
  1.6830006482E+005  6.9240182889E+042
  1.7000007756E+005  6.6502301705E+042
  1.7170008139E+005  6.4071138364E+042
  1.7340010838E+005  6.1905272833E+042
  1.7510006307E+005  5.9958801514E+042
  1.7680010080E+005  5.8205021741E+042
  1.7850010289E+005  5.6610647049E+042
  1.8020006873E+005  5.5156670118E+042
  1.8190007745E+005  5.3823238976E+042
  1.8360010354E+005  5.2594267636E+042
  1.8530006251E+005  5.1456937823E+042
  1.8700010511E+005  5.0403807840E+042
  1.8870005702E+005  4.9431282877E+042
  1.9040009400E+005  4.8528036949E+042
  1.9210007305E+005  4.7681106923E+042
  1.9380006000E+005  4.6888678782E+042
  1.9550005538E+005  4.6145934512E+042
  1.9720006419E+005  4.5448618751E+042
  1.9890006029E+005  4.4792714985E+042
  2.0060006931E+005  4.4176699240E+042
  2.0230007982E+005  4.3596955473E+042
  2.0400009658E+005  4.3048862470E+042
  2.0570006431E+005  4.2529205653E+042
  2.0740006370E+005  4.2036643603E+042
  2.0910006303E+005  4.1570143441E+042
  2.1080005654E+005  4.1127099161E+042
  2.1250009416E+005  4.0705897048E+042
  2.1420005794E+005  4.0305056715E+042
  2.1590006726E+005  3.9922469054E+042
  2.1760011180E+005  3.9554067718E+042
  2.1930008215E+005  3.9202225907E+042
  2.2100006472E+005  3.8866719623E+042
  2.2270006790E+005  3.8546077164E+042
  2.2440007556E+005  3.8238928524E+042
  2.2610005505E+005  3.7944642132E+042
  2.2780009169E+005  3.7663026489E+042
  2.2950007813E+005  3.7392816926E+042
  2.3120010431E+005  3.7132963964E+042
  2.3290006171E+005  3.6882920373E+042
  2.3460007480E+005  3.6642198978E+042
  2.3630010153E+005  3.6410730657E+042
  2.3800008177E+005  3.6187297932E+042
  2.3970008945E+005  3.5971967547E+042
  2.4140007702E+005  3.5764487093E+042
  2.4310009994E+005  3.5564271512E+042
  2.4480008573E+005  3.5370987137E+042
  2.4650007828E+005  3.5184334326E+042
  2.4820007760E+005  3.5004242418E+042
  2.4990009064E+005  3.4830111646E+042
  2.5160006214E+005  3.4661794359E+042
  2.5330009901E+005  3.4498997350E+042
  2.5500007788E+005  3.4341376670E+042
  2.5670009491E+005  3.4188513163E+042
  2.5840007216E+005  3.4040346470E+042
  2.6010010130E+005  3.3896589324E+042
  2.6180008181E+005  3.3757187689E+042
  2.6350006690E+005  3.3621910370E+042
  2.6520008987E+005  3.3490500528E+042
  2.6690010317E+005  3.3362720412E+042
  2.6860010777E+005  3.3238469270E+042
  2.7030010679E+005  3.3117699950E+042
  2.7200006845E+005  3.3000188409E+042
  2.7370008389E+005  3.2885786553E+042
  2.7540009218E+005  3.2774010857E+042
  2.7710005959E+005  3.2665171136E+042
  2.7880006216E+005  3.2559148183E+042
  2.8050008604E+005  3.2455918440E+042
  2.8220007897E+005  3.2353335252E+042
  2.8390009984E+005  3.2255725627E+042
  2.8560009001E+005  3.2160287388E+042
  2.8730010338E+005  3.2067072575E+042
  2.8900009710E+005  3.1976066382E+042
  2.9070008996E+005  3.1887222885E+042
  2.9240009398E+005  3.1800171066E+042
  2.9410008269E+005  3.1715072300E+042
  2.9580006990E+005  3.1631925071E+042
  2.9750006333E+005  3.1550628863E+042
  2.9920007663E+005  3.1471121695E+042
  3.0090005890E+005  3.1393407952E+042
  3.0260008233E+005  3.1317448445E+042
  3.0430010415E+005  3.1243132270E+042
  3.0600008962E+005  3.1170405723E+042
  3.0770005609E+005  3.1099228719E+042
  3.0940010816E+005  3.1029395506E+042
  3.1110007209E+005  3.0960962530E+042
  3.1280009950E+005  3.0893995840E+042
  3.1450009745E+005  3.0828411854E+042
  3.1620006063E+005  3.0764126184E+042
  3.1790011185E+005  3.0701161209E+042
  3.1960010150E+005  3.0639463948E+042
  3.2130006005E+005  3.0578989111E+042
  3.2300010156E+005  3.0519692706E+042
  3.2470009904E+005  3.0461469963E+042
  3.2640007080E+005  3.0404283652E+042
  3.2810009206E+005  3.0348219986E+042
  3.2980010795E+005  3.0293182476E+042
  3.3150008616E+005  3.0213152074E+042
  3.3320010832E+005  3.0167748587E+042
  3.3490009859E+005  3.0119910322E+042
  3.3660011226E+005  3.0071857173E+042
  3.3830006351E+005  3.0023899489E+042
  3.4000006273E+005  2.9976296081E+042
  3.4170010912E+005  2.9929102619E+042
  3.4340008677E+005  2.9882494396E+042
  3.4510010530E+005  2.9836534935E+042
  3.4680008115E+005  2.9791278392E+042
  3.4850009715E+005  2.9746692137E+042
  3.5020007815E+005  2.9702797043E+042
  3.5190010982E+005  2.9659613812E+042
  3.5360008864E+005  2.9617100736E+042
  3.5530008282E+005  2.9575164782E+042
  3.5700009948E+005  2.9533900855E+042
  3.5870006967E+005  2.9493272505E+042
  3.6040010443E+005  2.9453273950E+042
  3.6210008843E+005  2.9413912086E+042
  3.6380010803E+005  2.9375139675E+042
  3.6550009624E+005  2.9336956099E+042
  3.6720010900E+005  2.9299338695E+042
  3.6890009115E+005  2.9262233560E+042
  3.7060008707E+005  2.9225690080E+042
  3.7230007696E+005  2.9189668292E+042
  3.7400007818E+005  2.9154160870E+042
  3.7570006733E+005  2.9119172664E+042
  3.7740010558E+005  2.9084656051E+042
  3.7910009064E+005  2.9050623885E+042
  3.8080006482E+005  2.9017013624E+042
  3.8250008116E+005  2.8983879720E+042
  3.8420010791E+005  2.8951210703E+042
  3.8590005989E+005  2.8918987111E+042
  3.8760009666E+005  2.8887218753E+042
  3.8930008616E+005  2.8855877306E+042
  3.9100008091E+005  2.8824962461E+042
  3.9270008418E+005  2.8794415914E+042
  3.9440011119E+005  2.8764288970E+042
  3.9610005960E+005  2.8734558472E+042
  3.9780010831E+005  2.8705224398E+042
  3.9950011343E+005  2.8676276214E+042
  4.0120011396E+005  2.8647710032E+042
  4.0290010838E+005  2.8619495345E+042
  4.0460011227E+005  2.8591614196E+042
  4.0630008422E+005  2.8564082201E+042
  4.0800010019E+005  2.8536904857E+042
  4.0970007897E+005  2.8510069532E+042
  4.1140008458E+005  2.8483570980E+042
  4.1310010376E+005  2.8457400564E+042
  4.1480009934E+005  2.8431513032E+042
  4.1650009741E+005  2.8405928033E+042
  4.1820009773E+005  2.8380661875E+042
  4.1990007496E+005  2.8355693850E+042
  4.2160009750E+005  2.8331026541E+042
  4.2330007573E+005  2.8306653144E+042
  4.2500011179E+005  2.8282543477E+042
  4.2670007167E+005  2.8258697847E+042
  4.2840008356E+005  2.8235123265E+042
  4.3010008024E+005  2.8211844765E+042
  4.3180009441E+005  2.8188853297E+042
  4.3350007050E+005  2.8166134673E+042
  4.3520011231E+005  2.8143662456E+042
  4.3690010736E+005  2.8121413194E+042
  4.3860006385E+005  2.8099409359E+042
  4.4030010478E+005  2.8077642868E+042
  4.4200006193E+005  2.8056118254E+042
  4.4370011076E+005  2.8034815904E+042
  4.4540007979E+005  2.8013712973E+042
  4.4710008326E+005  2.7992797460E+042
  4.4880006170E+005  2.7972086827E+042
  4.5050007015E+005  2.7951584040E+042
  4.5220010502E+005  2.7931278320E+042
  4.5390010590E+005  2.7911160591E+042
  4.5560007126E+005  2.7891200425E+042
  4.5730011469E+005  2.7871408191E+042
  4.5900006108E+005  2.7851799737E+042
  4.6070008280E+005  2.7832362851E+042
  4.6240006289E+005  2.7813088873E+042
  4.6410005771E+005  2.7793970705E+042
  4.6580006532E+005  2.7774984501E+042
  4.6750008267E+005  2.7756157416E+042
  4.6920010511E+005  2.7737475656E+042
  4.7090006784E+005  2.7718934220E+042
  4.7260007681E+005  2.7700536187E+042
  4.7430006450E+005  2.7682267261E+042
  4.7600008064E+005  2.7664114284E+042
  4.7770006103E+005  2.7646084160E+042
  4.7940007252E+005  2.7628181668E+042
  4.8110009802E+005  2.7610406917E+042
  4.8280009519E+005  2.7592747711E+042
  4.8450006935E+005  2.7575167663E+042
  4.8620006855E+005  2.7557703719E+042
  4.8790006470E+005  2.7540350911E+042
  4.8960009937E+005  2.7523097559E+042
  4.9130006795E+005  2.7505954839E+042
  4.9300009411E+005  2.7488919256E+042
  4.9470007758E+005  2.7471988531E+042
  4.9640007259E+005  2.7455159089E+042
  4.9810007810E+005  2.7438437090E+042
  4.9980010288E+005  2.7421816219E+042
  5.0150006289E+005  2.7405279499E+042
  5.0320011398E+005  2.7388827198E+042
  5.0490008599E+005  2.7372474375E+042
  5.0660006558E+005  2.7356205818E+042
  5.0830010603E+005  2.7340018268E+042
  5.1000010449E+005  2.7323912051E+042
  5.1170010510E+005  2.7307870965E+042
  5.1340010019E+005  2.7291906568E+042
  5.1510005818E+005  2.7276024660E+042
  5.1680009491E+005  2.7260208501E+042
  5.1850008232E+005  2.7244454912E+042
  5.2020008560E+005  2.7228759920E+042
  5.2190006776E+005  2.7213129005E+042
  5.2360006322E+005  2.7197559793E+042
  5.2530005928E+005  2.7182054003E+042
  5.2700010996E+005  2.7166597594E+042
  5.2870007446E+005  2.7151186576E+042
  5.3040010445E+005  2.7135832318E+042
  5.3210010218E+005  2.7120524302E+042
  5.3380006955E+005  2.7105271840E+042
  5.3550008128E+005  2.7090065448E+042
  5.3720007966E+005  2.7074887120E+042
  5.3890008216E+005  2.7059759681E+042
  5.4060009816E+005  2.7044668910E+042
  5.4230010030E+005  2.7029627898E+042
  5.4400007289E+005  2.7014624404E+042
  5.4570009909E+005  2.6999639994E+042
  5.4740011540E+005  2.6984697955E+042
  5.4910006667E+005  2.6969792446E+042
  5.5080006917E+005  2.6954927905E+042
  5.5250008251E+005  2.6940088954E+042
  5.5420006996E+005  2.6925266390E+042
  5.5590009198E+005  2.6910485073E+042
  5.5760010872E+005  2.6895732361E+042
  5.5930011500E+005  2.6881015483E+042
  5.6100007851E+005  2.6866313460E+042
  5.6270009620E+005  2.6851629891E+042
  5.6440011257E+005  2.6836976769E+042
  5.6610007907E+005  2.6822345450E+042
  5.6780007924E+005  2.6807749568E+042
  5.6950009717E+005  2.6793160461E+042
  5.7120005954E+005  2.6778598714E+042
  5.7290007450E+005  2.6764060341E+042
  5.7460006477E+005  2.6749552346E+042
  5.7630010710E+005  2.6735072780E+042
  5.7800011318E+005  2.6720595095E+042
  5.7970007996E+005  2.6706151643E+042
  5.8140007862E+005  2.6691732331E+042
  5.8310008231E+005  2.6677344098E+042
  5.8480008520E+005  2.6662974881E+042
  5.8650010721E+005  2.6648620917E+042
  5.8820007692E+005  2.6634289233E+042
  5.8990009927E+005  2.6619991989E+042
  5.9160010545E+005  2.6605721258E+042
  5.9330006470E+005  2.6591468696E+042
  5.9500010700E+005  2.6577228530E+042
  5.9670010679E+005  2.6563018314E+042
  5.9840011160E+005  2.6548836192E+042
  6.0010010785E+005  2.6534683096E+042
  6.0180008782E+005  2.6520543852E+042
  6.0350010676E+005  2.6506418883E+042
  6.0520009031E+005  2.6492326032E+042
  6.0690009162E+005  2.6478259306E+042
  6.0860010158E+005  2.6464224050E+042
  6.1030011278E+005  2.6450189584E+042
  6.1200006387E+005  2.6436184322E+042
  6.1370010868E+005  2.6422200731E+042
  6.1540009323E+005  2.6408252171E+042
  6.1710007053E+005  2.6394323371E+042
  6.1880005980E+005  2.6380402511E+042
  6.2050008154E+005  2.6366506070E+042
  6.2220006679E+005  2.6352640498E+042
  6.2390009401E+005  2.6338800985E+042
  6.2560009782E+005  2.6324981362E+042
  6.2730011252E+005  2.6311168922E+042
  6.2900011076E+005  2.6297388748E+042
  6.3070008179E+005  2.6283635026E+042
  6.3240011296E+005  2.6269911824E+042
  6.3410006848E+005  2.6256195692E+042
  6.3580008181E+005  2.6242499571E+042
  6.3750011746E+005  2.6228832393E+042
  6.3920010591E+005  2.6215196531E+042
  6.4090006500E+005  2.6201587832E+042
  6.4260006004E+005  2.6187980477E+042
  6.4430010717E+005  2.6174400294E+042
  6.4600007295E+005  2.6160845621E+042
  6.4770010480E+005  2.6147316495E+042
  6.4940006696E+005  2.6133801878E+042
  6.5110009759E+005  2.6120297272E+042
  6.5280011238E+005  2.6106816862E+042
  6.5450009610E+005  2.6093367763E+042
  6.5620008973E+005  2.6079944198E+042
  6.5790011050E+005  2.6066538014E+042
  6.5960010651E+005  2.6053146560E+042
  6.6130008691E+005  2.6039781941E+042
  6.6300008879E+005  2.6026446714E+042
  6.6470008124E+005  2.6013141359E+042
  6.6640008154E+005  2.5999847490E+042
  6.6810008985E+005  2.5986576095E+042
  6.6980007584E+005  2.5973338330E+042
  6.7150010767E+005  2.5960131994E+042
  6.7320006166E+005  2.5946956470E+042
  6.7490006488E+005  2.5933785548E+042
  6.7660009007E+005  2.5920647008E+042
  6.7830007299E+005  2.5907541326E+042
  6.8000009954E+005  2.5894467992E+042
  6.8170006680E+005  2.5881425289E+042
  6.8340009008E+005  2.5868395614E+042
  6.8510009651E+005  2.5855398258E+042
  6.8680006330E+005  2.5842434351E+042
  6.8850009115E+005  2.5829505127E+042
  6.9020007995E+005  2.5816601125E+042
  6.9190009412E+005  2.5803716747E+042
  6.9360007757E+005  2.5790871003E+042
  6.9530008755E+005  2.5778057835E+042
  6.9700010265E+005  2.5765280348E+042
  6.9870011880E+005  2.5752524857E+042
  7.0040008145E+005  2.5739796849E+042
  7.0210010326E+005  2.5727105133E+042
  7.0380007826E+005  2.5714451431E+042
  7.0550008006E+005  2.5701835531E+042
  7.0720010975E+005  2.5689236325E+042
  7.0890011527E+005  2.5676672810E+042
  7.1060006652E+005  2.5664145421E+042
  7.1230011495E+005  2.5651658180E+042
  7.1400011669E+005  2.5639209053E+042
  7.1570010623E+005  2.5626779876E+042
  7.1740008754E+005  2.5614386586E+042
  7.1910006669E+005  2.5602034075E+042
  7.2080009134E+005  2.5589721432E+042
  7.2250007476E+005  2.5577448241E+042
  7.2420010956E+005  2.5565196369E+042
  7.2590010145E+005  2.5552985469E+042
  7.2760010387E+005  2.5540814484E+042
  7.2930011411E+005  2.5528687713E+042
  7.3100007811E+005  2.5516598113E+042
  7.3270006529E+005  2.5504535652E+042
  7.3440006044E+005  2.5492516554E+042
  7.3610009719E+005  2.5480538406E+042
  7.3780009383E+005  2.5468606491E+042
  7.3950007026E+005  2.5456711564E+042
  7.4120006507E+005  2.5444848536E+042
  7.4290011437E+005  2.5433030240E+042
  7.4460008784E+005  2.5421257001E+042
  7.4630007434E+005  2.5409529862E+042
  7.4800007595E+005  2.5397840422E+042
  7.4970009434E+005  2.5386186600E+042
  7.5140011049E+005  2.5374580873E+042
  7.5310011730E+005  2.5363021767E+042
  7.5480008993E+005  2.5351508483E+042
  7.5650007266E+005  2.5340028989E+042
  7.5820009259E+005  2.5328587068E+042
  7.5990009344E+005  2.5317191342E+042
  7.6160011482E+005  2.5305841612E+042
  7.6330007504E+005  2.5294537427E+042
  7.6500008106E+005  2.5283270340E+042
  7.6670008250E+005  2.5272047784E+042
  7.6840008011E+005  2.5260875004E+042
  7.7010010937E+005  2.5249751273E+042
  7.7180006539E+005  2.5238677075E+042
  7.7350010467E+005  2.5227642067E+042
  7.7520009516E+005  2.5216653410E+042
  7.7690008612E+005  2.5205715062E+042
  7.7860006578E+005  2.5194827275E+042
  7.8030007305E+005  2.5183991510E+042
  7.8200006625E+005  2.5173195619E+042
  7.8370007056E+005  2.5162451187E+042
  7.8540009098E+005  2.5151760662E+042
  7.8710011646E+005  2.5141125920E+042
  7.8880010471E+005  2.5130541347E+042
  7.9050007977E+005  2.5120000079E+042
  7.9220011232E+005  2.5109510786E+042
  7.9390008872E+005  2.5099078013E+042
  7.9560008483E+005  2.5088699008E+042
  7.9730011606E+005  2.5078373993E+042
  7.9900011207E+005  2.5068097316E+042
  8.0070008837E+005  2.5057876040E+042
  8.0240007755E+005  2.5047711375E+042
  8.0410007817E+005  2.5037602744E+042
  8.0580008695E+005  2.5027547907E+042
  8.0750011420E+005  2.5017541023E+042
  8.0920009223E+005  2.5007592936E+042
  8.1090009403E+005  2.4997704573E+042
  8.1260007435E+005  2.4987874570E+042
  8.1430011147E+005  2.4978099292E+042
  8.1600009316E+005  2.4968375249E+042
  8.1770010546E+005  2.4958709446E+042
  8.1940009920E+005  2.4949103071E+042
  8.2110007211E+005  2.4939557426E+042
  8.2280009374E+005  2.4930068711E+042
  8.2450010625E+005  2.4920632683E+042
  8.2620007699E+005  2.4911270566E+042
  8.2790010057E+005  2.4901984010E+042
  8.2960008880E+005  2.4892740544E+042
  8.3130009838E+005  2.4883541596E+042
  8.3300010207E+005  2.4874395653E+042
  8.3470006702E+005  2.4865310708E+042
  8.3640008351E+005  2.4856286001E+042
  8.3810010230E+005  2.4847324334E+042
  8.3980006684E+005  2.4838417266E+042
  8.4150010838E+005  2.4829570960E+042
  8.4320006199E+005  2.4820788134E+042
  8.4490008888E+005  2.4812069062E+042
  8.4660011386E+005  2.4803411600E+042
  8.4830007644E+005  2.4794811993E+042
  8.5000011374E+005  2.4786271796E+042
  8.5170008658E+005  2.4777796780E+042
  8.5340010228E+005  2.4769387395E+042
  8.5510006854E+005  2.4761039784E+042
  8.5680008858E+005  2.4752749848E+042
  8.5850008393E+005  2.4744521213E+042
  8.6020009145E+005  2.4736358469E+042
  8.6190009346E+005  2.4728260357E+042
  8.6360006078E+005  2.4720227858E+042
  8.6530006040E+005  2.4712249156E+042
  8.6700006092E+005  2.4704336411E+042
  8.6870010920E+005  2.4696487891E+042
  8.7040009830E+005  2.4688705354E+042
  8.7210006709E+005  2.4680988268E+042
  8.7380009028E+005  2.4673325537E+042
  8.7550011043E+005  2.4665728840E+042
  8.7720007421E+005  2.4658198733E+042
  8.7890010610E+005  2.4650733391E+042
  8.8060011267E+005  2.4643331601E+042
  8.8230006912E+005  2.4635988423E+042
  8.8400009779E+005  2.4628709077E+042
  8.8570006846E+005  2.4621498109E+042
  8.8740009212E+005  2.4614349813E+042
  8.8910010253E+005  2.4607265810E+042
  8.9080007039E+005  2.4600240224E+042
  8.9250009851E+005  2.4593281123E+042
  8.9420010798E+005  2.4586385585E+042
  8.9590007717E+005  2.4579556955E+042
  8.9760009719E+005  2.4572788182E+042
  8.9930009672E+005  2.4566081739E+042
  9.0100011182E+005  2.4559407745E+042
  9.0270010045E+005  2.4552677395E+042
  9.0440010198E+005  2.4546058518E+042
  9.0610006878E+005  2.4539567184E+042
  9.0780006756E+005  2.4533166242E+042
  9.0950010621E+005  2.4526841184E+042
  9.1120007317E+005  2.4520585117E+042
  9.1290006998E+005  2.4514395210E+042
  9.1460008280E+005  2.4508263617E+042
  9.1630010541E+005  2.4502190448E+042
  9.1800009990E+005  2.4496183093E+042
  9.1970008535E+005  2.4490236696E+042
  9.2140010908E+005  2.4484354487E+042
  9.2310010479E+005  2.4478526014E+042
  9.2480008571E+005  2.4472760734E+042
  9.2650011398E+005  2.4467057442E+042
  9.2820011118E+005  2.4461416182E+042
  9.2990007324E+005  2.4455835667E+042
  9.3160010735E+005  2.4450312212E+042
  9.3330008891E+005  2.4444848172E+042
  9.3500009515E+005  2.4439447757E+042
  9.3670009122E+005  2.4434106188E+042
  9.3840012119E+005  2.4428823215E+042
  9.4010010828E+005  2.4423590488E+042
  9.4180007153E+005  2.4418414747E+042
  9.4350011282E+005  2.4413295272E+042
  9.4520008771E+005  2.4408231526E+042
  9.4690009159E+005  2.4403218030E+042
  9.4860011861E+005  2.4398259833E+042
  9.5030008919E+005  2.4393356080E+042
  9.5200008018E+005  2.4388508633E+042
  9.5370011957E+005  2.4383714140E+042
  9.5540007083E+005  2.4378970185E+042
  9.5710011146E+005  2.4374278745E+042
  9.5880008655E+005  2.4369642323E+042
  9.6050008770E+005  2.4365061776E+042
  9.6220010371E+005  2.4360531899E+042
  9.6390009866E+005  2.4356051776E+042
  9.6560009425E+005  2.4351624986E+042
  9.6730009181E+005  2.4347250928E+042
  9.6900011408E+005  2.4342929684E+042
  9.7070011425E+005  2.4338656599E+042
  9.7240009236E+005  2.4334435707E+042
  9.7410006427E+005  2.4330264540E+042
  9.7580011359E+005  2.4326146128E+042
  9.7750012007E+005  2.4322077475E+042
  9.7920008300E+005  2.4318054064E+042
  9.8090008165E+005  2.4314082501E+042
  9.8260006626E+005  2.4310160651E+042
  9.8430009731E+005  2.4306288738E+042
  9.8600009735E+005  2.4302461653E+042
  9.8770008953E+005  2.4298682784E+042
  9.8940006780E+005  2.4294951377E+042
  9.9110009676E+005  2.4291301818E+042
  9.9280006580E+005  2.4287855830E+042
  9.9450010820E+005  2.4284495146E+042
  9.9620010933E+005  2.4281077437E+042
  9.9790011952E+005  2.4277635738E+042
  9.9960008757E+005  2.4274206069E+042
  1.0013000818E+006  2.4270801252E+042
  1.0030001064E+006  2.4267432774E+042
  1.0047001011E+006  2.4264105661E+042
  1.0064000624E+006  2.4260822031E+042
  1.0081001001E+006  2.4257581113E+042
  1.0098000740E+006  2.4254379196E+042
  1.0115001035E+006  2.4251222758E+042
  1.0132000680E+006  2.4248108152E+042
  1.0149000915E+006  2.4245036501E+042
  1.0166001177E+006  2.4242003616E+042
  1.0183000910E+006  2.4239010849E+042
  1.0200000760E+006  2.4236060810E+042
  1.0217000742E+006  2.4233150899E+042
  1.0234000787E+006  2.4230278892E+042
  1.0251000913E+006  2.4227444135E+042
  1.0268001150E+006  2.4224650700E+042
  1.0285000915E+006  2.4221894069E+042
  1.0302000824E+006  2.4219176104E+042
  1.0319000881E+006  2.4216492408E+042
  1.0336001085E+006  2.4213846307E+042
  1.0353000819E+006  2.4211238778E+042
  1.0370000678E+006  2.4208665113E+042
  1.0387000648E+006  2.4206125957E+042
  1.0404000709E+006  2.4203621730E+042
  1.0421000800E+006  2.4201153319E+042
  1.0438000902E+006  2.4198719270E+042
  1.0455001014E+006  2.4196316003E+042
  1.0472001136E+006  2.4193946513E+042
  1.0489000664E+006  2.4191611412E+042
  1.0506000817E+006  2.4189308965E+042
  1.0523000986E+006  2.4187034858E+042
  1.0540001174E+006  2.4184794857E+042
  1.0557000779E+006  2.4182584348E+042
  1.0574001015E+006  2.4180408408E+042
  1.0591000674E+006  2.4178256464E+042
  1.0608000968E+006  2.4176138390E+042
  1.0625000691E+006  2.4174048243E+042
  1.0642001054E+006  2.4171989274E+042
  1.0659000847E+006  2.4169955627E+042
  1.0676000675E+006  2.4167951823E+042
  1.0693001140E+006  2.4165975702E+042
  1.0710001030E+006  2.4164028893E+042
  1.0727000942E+006  2.4162106165E+042
  1.0744000871E+006  2.4160211696E+042
  1.0761000817E+006  2.4158344178E+042
  1.0778000778E+006  2.4156502788E+042
  1.0795000753E+006  2.4154686790E+042
  1.0812000736E+006  2.4152894531E+042
  1.0829000719E+006  2.4151131228E+042
  1.0846000700E+006  2.4149389924E+042
  1.0863000678E+006  2.4147673945E+042
  1.0880000651E+006  2.4145981343E+042
  1.0897000618E+006  2.4144314447E+042
  1.0914001181E+006  2.4142670195E+042
  1.0931001130E+006  2.4141048542E+042
  1.0948001069E+006  2.4139451114E+042
  1.0965000994E+006  2.4137876770E+042
  1.0982000903E+006  2.4136324085E+042
  1.0999000793E+006  2.4134794133E+042
  1.1016000658E+006  2.4133286178E+042
  1.1033001094E+006  2.4131801296E+042
  1.1050000885E+006  2.4130336554E+042
  1.1067000632E+006  2.4128893022E+042
  1.1084000937E+006  2.4127472600E+042
  1.1101001186E+006  2.4126071361E+042
  1.1118000763E+006  2.4124692404E+042
  1.1135000875E+006  2.4123331822E+042
  1.1152000908E+006  2.4121995293E+042
  1.1169000857E+006  2.4120675227E+042
  1.1186000719E+006  2.4119377906E+042
  1.1203001104E+006  2.4118098640E+042
  1.1220000796E+006  2.4116841127E+042
  1.1237001062E+006  2.4115601199E+042
  1.1254000693E+006  2.4114381531E+042
  1.1271000921E+006  2.4113181234E+042
  1.1288001140E+006  2.4111999903E+042
  1.1305000746E+006  2.4110836714E+042
  1.1322000954E+006  2.4109692846E+042
  1.1339001148E+006  2.4108567309E+042
  1.1356000709E+006  2.4107459888E+042
  1.1373000835E+006  2.4106370048E+042
  1.1390000894E+006  2.4105299538E+042
  1.1407000858E+006  2.4104245368E+042
  1.1424000728E+006  2.4103210044E+042
  1.1441001141E+006  2.4102191062E+042
  1.1458000853E+006  2.4101190821E+042
  1.1475001040E+006  2.4100206568E+042
  1.1492001058E+006  2.4099239744E+042
  1.1509000874E+006  2.4098290596E+042
  1.1526001082E+006  2.4097356999E+042
  1.1543001067E+006  2.4096441664E+042
  1.1560000839E+006  2.4095541258E+042
  1.1577001144E+006  2.4094659343E+042
  1.1594000853E+006  2.4093791606E+042
  1.1611001212E+006  2.4092942438E+042
  1.1628000997E+006  2.4092107056E+042
  1.1645000791E+006  2.4091290265E+042
  1.1662001145E+006  2.4090486751E+042
  1.1679000773E+006  2.4089701728E+042
  1.1696000871E+006  2.4088929890E+042
  1.1713000901E+006  2.4088176218E+042
  1.1730000777E+006  2.4087435741E+042
  1.1747001021E+006  2.4086712607E+042
  1.1764000959E+006  2.4086003624E+042
  1.1781001175E+006  2.4085310783E+042
  1.1798001092E+006  2.4084632180E+042
  1.1815000960E+006  2.4083969980E+042
  1.1832000903E+006  2.4083321856E+042
  1.1849000933E+006  2.4082688728E+042
  1.1866000996E+006  2.4082071176E+042
  1.1883000985E+006  2.4081471386E+042
  1.1900000784E+006  2.4080934868E+042
  1.1917001091E+006  2.4080498238E+042
  1.1934001203E+006  2.4080068626E+042
  1.1951000973E+006  2.4079616658E+042
  1.1968000919E+006  2.4079146104E+042
  1.1985001041E+006  2.4078662526E+042
  1.2002000998E+006  2.4078173732E+042
  1.2019001079E+006  2.4077689264E+042
  1.2036000691E+006  2.4077210745E+042
  1.2053000954E+006  2.4076739537E+042
  1.2070001074E+006  2.4076283122E+042
  1.2087001022E+006  2.4075837041E+042
  1.2104000807E+006  2.4075404058E+042
  1.2121000819E+006  2.4074986376E+042
  1.2138000919E+006  2.4074583504E+042
  1.2155001124E+006  2.4074191096E+042
  1.2172000653E+006  2.4073819459E+042
  1.2189000995E+006  2.4073457919E+042
  1.2206000883E+006  2.4073112827E+042
  1.2223000716E+006  2.4072782543E+042
  1.2240000938E+006  2.4072469017E+042
  1.2257001008E+006  2.4072165118E+042
  1.2274000653E+006  2.4071883766E+042
  1.2291000913E+006  2.4071610331E+042
  1.2308000640E+006  2.4071356595E+042
  1.2325001044E+006  2.4071115240E+042
  1.2342001089E+006  2.4070891312E+042
  1.2359000627E+006  2.4070678629E+042
  1.2376001176E+006  2.4070487071E+042
  1.2393000959E+006  2.4070303052E+042
  1.2410000957E+006  2.4070141577E+042
  1.2427000895E+006  2.4069990666E+042
  1.2444000809E+006  2.4069855630E+042
  1.2461000786E+006  2.4069737734E+042
  1.2478001070E+006  2.4069635337E+042
  1.2495000838E+006  2.4069544605E+042
  1.2512000977E+006  2.4069475003E+042
  1.2529000925E+006  2.4069416847E+042
  1.2546000916E+006  2.4069375051E+042
  1.2563000733E+006  2.4069351726E+042
  1.2580000805E+006  2.4069338212E+042
  1.2597000611E+006  2.4069347808E+042
  1.2614000664E+006  2.4069367908E+042
  1.2631001147E+006  2.4069405375E+042
  1.2648000834E+006  2.4069459784E+042
  1.2665001200E+006  2.4069530879E+042
  1.2682000715E+006  2.4069614429E+042
  1.2699001041E+006  2.4069720553E+042
  1.2716001143E+006  2.4069834025E+042
  1.2733000887E+006  2.4069973593E+042
  1.2750001023E+006  2.4070123720E+042
  1.2767000931E+006  2.4070290638E+042
  1.2784000737E+006  2.4070477998E+042
  1.2801000858E+006  2.4070676140E+042
  1.2818000946E+006  2.4070897147E+042
  1.2835000876E+006  2.4071130899E+042
  1.2852000846E+006  2.4071381703E+042
  1.2869001181E+006  2.4071651741E+042
  1.2886001025E+006  2.4071937013E+042
  1.2903001119E+006  2.4072239288E+042
  1.2920000737E+006  2.4072561252E+042
  1.2937000839E+006  2.4072894109E+042
  1.2954001149E+006  2.4073252510E+042
  1.2971001190E+006  2.4073621177E+042
  1.2988000799E+006  2.4074011432E+042
  1.3005001228E+006  2.4074418478E+042
  1.3022001074E+006  2.4074838661E+042
  1.3039000829E+006  2.4075283966E+042
  1.3056000814E+006  2.4075738157E+042
  1.3073001144E+006  2.4076218193E+042
  1.3090000961E+006  2.4076711011E+042
  1.3107000901E+006  2.4077221230E+042
  1.3124001097E+006  2.4077752658E+042
  1.3141000656E+006  2.4078293742E+042
  1.3158000875E+006  2.4078863553E+042
  1.3175000826E+006  2.4079443593E+042
  1.3192001189E+006  2.4080044416E+042
  1.3209001060E+006  2.4080664030E+042
  1.3226001165E+006  2.4081295940E+042
  1.3243001147E+006  2.4081954268E+042
  1.3260000912E+006  2.4082619851E+042
  1.3277000832E+006  2.4083314687E+042
  1.3294000787E+006  2.4084020433E+042
  1.3311000898E+006  2.4084746196E+042
  1.3328001056E+006  2.4085492507E+042
  1.3345001221E+006  2.4086249655E+042
  1.3362001064E+006  2.4087035114E+042
  1.3379001061E+006  2.4087825783E+042
  1.3396000769E+006  2.4088649121E+042
  1.3413001096E+006  2.4089480777E+042
  1.3430001013E+006  2.4090335685E+042
  1.3447000625E+006  2.4091251568E+042
  1.3464001089E+006  2.4092324014E+042
  1.3481001072E+006  2.4093327892E+042
  1.3498000998E+006  2.4094284464E+042
  1.3515001211E+006  2.4095294515E+042
  1.3532001105E+006  2.4096284229E+042
  1.3549001225E+006  2.4097341146E+042
  1.3566000870E+006  2.4098353767E+042
  1.3583001139E+006  2.4099384104E+042
  1.3600001024E+006  2.4100450306E+042
  1.3617001182E+006  2.4101531090E+042
  1.3634000778E+006  2.4102656798E+042
  1.3651000721E+006  2.4103777617E+042
  1.3668000804E+006  2.4104921963E+042
  1.3685000932E+006  2.4106075098E+042
  1.3702001213E+006  2.4107257275E+042
  1.3719000691E+006  2.4108461881E+042
  1.3736001075E+006  2.4109684866E+042
  1.3753000978E+006  2.4110947452E+042
  1.3770000680E+006  2.4112226057E+042
  1.3787000833E+006  2.4113466201E+042
  1.3804000795E+006  2.4114758278E+042
  1.3821000616E+006  2.4116077845E+042
  1.3838000813E+006  2.4117428545E+042
  1.3855000637E+006  2.4118796625E+042
  1.3872000970E+006  2.4120174275E+042
  1.3889000618E+006  2.4121570552E+042
  1.3906001115E+006  2.4123003563E+042
  1.3923000852E+006  2.4124449081E+042
  1.3940000993E+006  2.4125898531E+042
  1.3957000902E+006  2.4127378977E+042
  1.3974000792E+006  2.4128872892E+042
  1.3991000967E+006  2.4130392842E+042
  1.4008000662E+006  2.4131933241E+042
  1.4025000633E+006  2.4133490287E+042
  1.4042001112E+006  2.4135079048E+042
  1.4059001071E+006  2.4136677261E+042
  1.4076000701E+006  2.4138293311E+042
  1.4093000864E+006  2.4139942941E+042
  1.4110000832E+006  2.4141605145E+042
  1.4127001098E+006  2.4143331426E+042
  1.4144001183E+006  2.4145019468E+042
  1.4161000815E+006  2.4146767848E+042
  1.4178001035E+006  2.4148489923E+042
  1.4195000935E+006  2.4150261339E+042
  1.4212000808E+006  2.4152046362E+042
  1.4229000978E+006  2.4153861972E+042
  1.4246000894E+006  2.4155670623E+042
  1.4263001019E+006  2.4157510471E+042
  1.4280000620E+006  2.4159362229E+042
  1.4297001217E+006  2.4161265411E+042
  1.4314000864E+006  2.4163191745E+042
  1.4331000691E+006  2.4165123184E+042
  1.4348000641E+006  2.4167104194E+042
  1.4365000947E+006  2.4169090664E+042
  1.4382000906E+006  2.4171063502E+042
  1.4399001097E+006  2.4173086600E+042
  1.4416000769E+006  2.4175101199E+042
  1.4433000693E+006  2.4177133827E+042
  1.4450000995E+006  2.4179230616E+042
  1.4467001014E+006  2.4181324011E+042
  1.4484000998E+006  2.4183445118E+042
  1.4501001043E+006  2.4185589752E+042
  1.4518001115E+006  2.4187734829E+042
  1.4535000978E+006  2.4189894947E+042
  1.4552000619E+006  2.4192106945E+042
  1.4569000628E+006  2.4194297830E+042
  1.4586001208E+006  2.4196524298E+042
  1.4603000851E+006  2.4198787854E+042
  1.4620000682E+006  2.4201065726E+042
  1.4637001172E+006  2.4203359435E+042
  1.4654001200E+006  2.4205674562E+042
  1.4671001166E+006  2.4207987095E+042
  1.4688000985E+006  2.4210338698E+042
  1.4705000861E+006  2.4212691053E+042
  1.4722000985E+006  2.4215079415E+042
  1.4739001163E+006  2.4217495669E+042
  1.4756000650E+006  2.4219903268E+042
  1.4773000908E+006  2.4222349114E+042
  1.4790000964E+006  2.4224802615E+042
  1.4807000621E+006  2.4227301046E+042
  1.4824000886E+006  2.4229792386E+042
  1.4841000792E+006  2.4232334103E+042
  1.4858001180E+006  2.4234863765E+042
  1.4875001205E+006  2.4237417863E+042
  1.4892000875E+006  2.4239997020E+042
  1.4909001022E+006  2.4242593076E+042
  1.4926000931E+006  2.4245206659E+042
  1.4943000900E+006  2.4247828828E+042
  1.4960000809E+006  2.4250489156E+042
  1.4977000738E+006  2.4253161539E+042
  1.4994000956E+006  2.4255859462E+042
  1.5011000750E+006  2.4258565215E+042
  1.5028001010E+006  2.4261295928E+042
  1.5045000981E+006  2.4264025739E+042
  1.5062000910E+006  2.4266776208E+042
  1.5079001017E+006  2.4269561039E+042
  1.5096001002E+006  2.4272341909E+042
  1.5113001028E+006  2.4275180433E+042
  1.5130000953E+006  2.4278015551E+042
  1.5147000737E+006  2.4280874819E+042
  1.5164001225E+006  2.4283738361E+042
  1.5181000943E+006  2.4286618857E+042
  1.5198000862E+006  2.4289504107E+042
  1.5215000837E+006  2.4292413398E+042
  1.5232000922E+006  2.4295357322E+042
  1.5249000726E+006  2.4298304764E+042
  1.5266000648E+006  2.4301289987E+042
  1.5283000671E+006  2.4304272470E+042
  1.5300001099E+006  2.4307277042E+042
  1.5317000801E+006  2.4310281934E+042
  1.5334001139E+006  2.4313324912E+042
  1.5351000694E+006  2.4316375708E+042
  1.5368000637E+006  2.4319428310E+042
  1.5385001036E+006  2.4322537390E+042
  1.5402000660E+006  2.4325630525E+042
  1.5419000661E+006  2.4328754370E+042
  1.5436000990E+006  2.4331898381E+042
  1.5453000869E+006  2.4335027004E+042
  1.5470000901E+006  2.4338185805E+042
  1.5487001097E+006  2.4341332191E+042
  1.5504000628E+006  2.4344514608E+042
  1.5521000782E+006  2.4347698641E+042
  1.5538000772E+006  2.4350908217E+042
  1.5555001074E+006  2.4354123320E+042
  1.5572000881E+006  2.4357353984E+042
  1.5589000622E+006  2.4360608836E+042
  1.5606000963E+006  2.4363852927E+042
  1.5623001154E+006  2.4367145071E+042
  1.5640000617E+006  2.4370428245E+042
  1.5657000886E+006  2.4373728866E+042
  1.5674000902E+006  2.4377052544E+042
  1.5691000679E+006  2.4380370165E+042
  1.5708000829E+006  2.4383720221E+042
  1.5725000698E+006  2.4387070316E+042
  1.5742000790E+006  2.4390442064E+042
  1.5759000788E+006  2.4393819622E+042
  1.5776001127E+006  2.4397212533E+042
  1.5793000937E+006  2.4400619482E+042
  1.5810000758E+006  2.4404020075E+042
  1.5827000925E+006  2.4407465763E+042
  1.5844001103E+006  2.4410895192E+042
  1.5861000723E+006  2.4414345412E+042
  1.5878000683E+006  2.4417814252E+042
  1.5895000651E+006  2.4421270094E+042
  1.5912000665E+006  2.4424762209E+042
  1.5929000988E+006  2.4428250715E+042
  1.5946000757E+006  2.4431751273E+042
  1.5963001113E+006  2.4435263271E+042
  1.5980001136E+006  2.4438782326E+042
  1.5997000730E+006  2.4442312004E+042
  1.6014000784E+006  2.4445839773E+042
  1.6031001113E+006  2.4449399934E+042
  1.6048001171E+006  2.4452944188E+042
  1.6065000893E+006  2.4456504699E+042
  1.6082000925E+006  2.4460083700E+042
  1.6099000831E+006  2.4463637038E+042
  1.6116000792E+006  2.4467235273E+042
  1.6133001191E+006  2.4470822922E+042
  1.6150000937E+006  2.4474409035E+042
  1.6167001054E+006  2.4478015973E+042
  1.6184000668E+006  2.4481609787E+042
  1.6201000858E+006  2.4485223778E+042
  1.6218001017E+006  2.4488834622E+042
  1.6235001192E+006  2.4492453970E+042
  1.6252001147E+006  2.4496069634E+042
  1.6269001220E+006  2.4499686394E+042
  1.6286000854E+006  2.4503319890E+042
  1.6303001106E+006  2.4506932576E+042
  1.6320001090E+006  2.4510569591E+042
  1.6337000861E+006  2.4514194828E+042
  1.6354000693E+006  2.4517809284E+042
  1.6371000741E+006  2.4521452273E+042
  1.6388001180E+006  2.4525062000E+042
  1.6405001088E+006  2.4528690026E+042
  1.6422000840E+006  2.4532317999E+042
  1.6439001212E+006  2.4535920687E+042
  1.6456000991E+006  2.4539543916E+042
  1.6473000779E+006  2.4543148815E+042
  1.6490000952E+006  2.4546752836E+042
  1.6507001027E+006  2.4550353250E+042
  1.6524001123E+006  2.4553945962E+042
  1.6541000878E+006  2.4557530469E+042
  1.6558000817E+006  2.4561094379E+042
  1.6575001114E+006  2.4564680996E+042
  1.6592000834E+006  2.4568230612E+042
  1.6609001101E+006  2.4571782665E+042
  1.6626000750E+006  2.4575335815E+042
  1.6643000715E+006  2.4578843556E+042
  1.6660001213E+006  2.4582386008E+042
  1.6677001162E+006  2.4585890057E+042
  1.6694000699E+006  2.4589379595E+042
  1.6711000969E+006  2.4592881919E+042
  1.6728000854E+006  2.4596329536E+042
  1.6745001148E+006  2.4599806218E+042
  1.6762000836E+006  2.4603256895E+042
  1.6779000868E+006  2.4606679184E+042
  1.6796000798E+006  2.4610108315E+042
  1.6813000764E+006  2.4613504086E+042
  1.6830000885E+006  2.4616902955E+042
  1.6847000633E+006  2.4620276798E+042
  1.6864001025E+006  2.4623649566E+042
  1.6881000805E+006  2.4626993182E+042
  1.6898001178E+006  2.4630319750E+042
  1.6915000876E+006  2.4633659000E+042
  1.6932001160E+006  2.4636948365E+042
  1.6949000980E+006  2.4640259773E+042
  1.6966000983E+006  2.4643535198E+042
  1.6983000953E+006  2.4646788416E+042
  1.7000000866E+006  2.4650070525E+042
  1.7017001047E+006  2.4653284401E+042
  1.7034000732E+006  2.4656529344E+042
  1.7051001150E+006  2.4659753308E+042
  1.7068000641E+006  2.4662935706E+042
  1.7085001173E+006  2.4666150915E+042
  1.7102000774E+006  2.4669315420E+042
  1.7119000811E+006  2.4672494467E+042
  1.7136001061E+006  2.4675661135E+042
  1.7153000721E+006  2.4678799164E+042
  1.7170001096E+006  2.4681946891E+042
  1.7187000896E+006  2.4685070048E+042
  1.7204000635E+006  2.4688195764E+042
  1.7221000670E+006  2.4691306488E+042
  1.7238001175E+006  2.4694416607E+042
  1.7255000656E+006  2.4697503839E+042
  1.7272000715E+006  2.4700583722E+042
  1.7289000734E+006  2.4703675196E+042
  1.7306001048E+006  2.4706734070E+042
  1.7323001219E+006  2.4709818345E+042
  1.7340000936E+006  2.4712863671E+042
  1.7357000687E+006  2.4715907896E+042
  1.7374000976E+006  2.4718977908E+042
  1.7391000849E+006  2.4721988148E+042
  1.7408000759E+006  2.4725047603E+042
  1.7425001225E+006  2.4728071314E+042
  1.7442000737E+006  2.4731085622E+042
  1.7459000631E+006  2.4734136520E+042
  1.7476001225E+006  2.4737113279E+042
  1.7493000904E+006  2.4740160391E+042
  1.7510000708E+006  2.4743168948E+042
  1.7527000715E+006  2.4746167270E+042
  1.7544000728E+006  2.4749198553E+042
  1.7561000825E+006  2.4752169406E+042
  1.7578000897E+006  2.4755200173E+042
  1.7595001084E+006  2.4758197445E+042
  1.7612001105E+006  2.4761194838E+042
  1.7629001078E+006  2.4764207169E+042
  1.7646000863E+006  2.4767191479E+042
  1.7663000631E+006  2.4770202835E+042
  1.7680001199E+006  2.4773188431E+042
  1.7697000620E+006  2.4776200847E+042
  1.7714000977E+006  2.4779194546E+042
  1.7731000772E+006  2.4782205682E+042
  1.7748001230E+006  2.4785198092E+042
  1.7765001159E+006  2.4788199682E+042
  1.7782001091E+006  2.4791207102E+042
  1.7799000912E+006  2.4794192273E+042
  1.7816000935E+006  2.4797227921E+042
  1.7833001104E+006  2.4800207187E+042
  1.7850000888E+006  2.4803231403E+042
  1.7867000997E+006  2.4806231009E+042
  1.7884001138E+006  2.4809221088E+042
  1.7901001203E+006  2.4812269234E+042
  1.7918000699E+006  2.4815241971E+042
  1.7935000836E+006  2.4818287456E+042
  1.7952001227E+006  2.4821286590E+042
  1.7969001188E+006  2.4824298846E+042
  1.7986000864E+006  2.4827344784E+042
  1.8003001196E+006  2.4830316415E+042
  1.8020000864E+006  2.4833385200E+042
  1.8037001065E+006  2.4836381772E+042
  1.8054000874E+006  2.4839423704E+042
  1.8071000679E+006  2.4842469538E+042
  1.8088000986E+006  2.4845471378E+042
  1.8105000743E+006  2.4848545308E+042
  1.8122000625E+006  2.4851534410E+042
  1.8139001139E+006  2.4854620595E+042
  1.8156001218E+006  2.4857658965E+042
  1.8173000784E+006  2.4860706753E+042
  1.8190000930E+006  2.4863782815E+042
  1.8207001121E+006  2.4866813205E+042
  1.8224000684E+006  2.4869905947E+042
  1.8241000854E+006  2.4872944169E+042
  1.8258000797E+006  2.4876043368E+042
  1.8275000759E+006  2.4879115070E+042
  1.8292000691E+006  2.4882202040E+042
  1.8309000957E+006  2.4885293700E+042
  1.8326001144E+006  2.4888384629E+042
  1.8343000821E+006  2.4891487980E+042
  1.8360001061E+006  2.4894585011E+042
  1.8377000698E+006  2.4897701939E+042
  1.8394000992E+006  2.4900801636E+042
  1.8411000994E+006  2.4903937808E+042
  1.8428001045E+006  2.4907050275E+042
  1.8445001092E+006  2.4910198959E+042
  1.8462000675E+006  2.4913313711E+042
  1.8479001084E+006  2.4916457603E+042
  1.8496001134E+006  2.4919595615E+042
  1.8513001092E+006  2.4922714856E+042
  1.8530001081E+006  2.4925899009E+042
  1.8547001099E+006  2.4929022436E+042
  1.8564000887E+006  2.4932214975E+042
  1.8581001097E+006  2.4935342960E+042
  1.8598001125E+006  2.4938516790E+042
  1.8615001173E+006  2.4941676221E+042
  1.8632001198E+006  2.4944815983E+042
  1.8649000743E+006  2.4948019371E+042
  1.8666001166E+006  2.4951128332E+042
  1.8683001052E+006  2.4954356482E+042
  1.8700001101E+006  2.4957473774E+042
  1.8717000819E+006  2.4960672619E+042
  1.8734001042E+006  2.4963817667E+042
  1.8751001152E+006  2.4966976663E+042
  1.8768000932E+006  2.4970159417E+042
  1.8785000715E+006  2.4973268068E+042
  1.8802000813E+006  2.4976482629E+042
  1.8819000754E+006  2.4979553588E+042
  1.8836000720E+006  2.4982771614E+042
  1.8853000659E+006  2.4985860654E+042
  1.8870000667E+006  2.4989033694E+042
  1.8887001083E+006  2.4992153143E+042
  1.8904000655E+006  2.4995269479E+042
  1.8921000815E+006  2.4998417294E+042
  1.8938000656E+006  2.5001480918E+042
  1.8955001110E+006  2.5004632833E+042
  1.8972000636E+006  2.5007665637E+042
  1.8989000735E+006  2.5010808162E+042
  1.9006001150E+006  2.5013845950E+042
  1.9023000888E+006  2.5016947180E+042
  1.9040000894E+006  2.5020005809E+042
  1.9057000953E+006  2.5023047706E+042
  1.9074001109E+006  2.5026109091E+042
  1.9091000943E+006  2.5029107869E+042
  1.9108001177E+006  2.5032160290E+042
  1.9125000867E+006  2.5035126221E+042
  1.9142001104E+006  2.5038162673E+042
  1.9159000725E+006  2.5041103141E+042
  1.9176000900E+006  2.5044116855E+042
  1.9193001137E+006  2.5047052611E+042
  1.9210001193E+006  2.5050023228E+042
  1.9227000845E+006  2.5052960884E+042
  1.9244000731E+006  2.5055883442E+042
  1.9261001065E+006  2.5058811930E+042
  1.9278000752E+006  2.5061700737E+042
  1.9295001166E+006  2.5064609811E+042
  1.9312000639E+006  2.5067473971E+042
  1.9329001134E+006  2.5070356958E+042
  1.9346001005E+006  2.5073203672E+042
  1.9363000953E+006  2.5076058515E+042
  1.9380001227E+006  2.5078875414E+042
  1.9397001241E+006  2.5081712714E+042
  1.9414000683E+006  2.5084487278E+042
  1.9431000745E+006  2.5087321071E+042
  1.9448001240E+006  2.5090076277E+042
  1.9465000715E+006  2.5092883722E+042
  1.9482001032E+006  2.5095619163E+042
  1.9499001148E+006  2.5098401600E+042
  1.9516000683E+006  2.5101115328E+042
  1.9533000802E+006  2.5103876122E+042
  1.9550000823E+006  2.5106566241E+042
  1.9567000933E+006  2.5109306063E+042
  1.9584000831E+006  2.5111973202E+042
  1.9601000916E+006  2.5114684304E+042
  1.9618000699E+006  2.5117338372E+042
  1.9635000726E+006  2.5120016673E+042
  1.9652001012E+006  2.5122664156E+042
  1.9669000964E+006  2.5125306470E+042
  1.9686001141E+006  2.5127953981E+042
  1.9703001003E+006  2.5130555914E+042
  1.9720001085E+006  2.5133208046E+042
  1.9737000847E+006  2.5135766789E+042
  1.9754000847E+006  2.5138427342E+042
  1.9771001118E+006  2.5140948322E+042
  1.9788001046E+006  2.5143612409E+042
  1.9805001189E+006  2.5146108631E+042
  1.9822001055E+006  2.5148758760E+042
  1.9839001052E+006  2.5151235609E+042
  1.9856000865E+006  2.5153864500E+042
  1.9873000697E+006  2.5156329723E+042
  1.9890001094E+006  2.5158933655E+042
  1.9907000745E+006  2.5161391538E+042
  1.9924001109E+006  2.5163970474E+042
  1.9941001175E+006  2.5166421681E+042
  1.9958000890E+006  2.5168976952E+042
  1.9975000725E+006  2.5171421177E+042
  1.9992001051E+006  2.5173953754E+042
  2.0009000645E+006  2.5176390886E+042
  2.0026000981E+006  2.5178902431E+042
  2.0043000960E+006  2.5181332368E+042
  2.0060000699E+006  2.5183822296E+042
  2.0077001051E+006  2.5186246310E+042
  2.0094000822E+006  2.5188714953E+042
  2.0111000922E+006  2.5191134696E+042
  2.0128000720E+006  2.5193581005E+042
  2.0145001190E+006  2.5195998064E+042
  2.0162001000E+006  2.5198421138E+042
  2.0179001233E+006  2.5200836645E+042
  2.0196001033E+006  2.5203236195E+042
  2.0213001053E+006  2.5205650757E+042
  2.0230000804E+006  2.5208027394E+042
  2.0247000645E+006  2.5210440647E+042
  2.0264000918E+006  2.5212796900E+042
  2.0281000630E+006  2.5215206437E+042
  2.0298000739E+006  2.5217546119E+042
  2.0315001001E+006  2.5219950089E+042
  2.0332000870E+006  2.5222276481E+042
  2.0349001114E+006  2.5224673714E+042
  2.0366000664E+006  2.5226989948E+042
  2.0383000953E+006  2.5229379374E+042
  2.0400000741E+006  2.5231688754E+042
  2.0417001123E+006  2.5234069147E+042
  2.0434001097E+006  2.5236375288E+042
  2.0451000986E+006  2.5238744934E+042
  2.0468001150E+006  2.5241052043E+042
  2.0485001199E+006  2.5243409527E+042
  2.0502000952E+006  2.5245721956E+042
  2.0519001125E+006  2.5248066602E+042
  2.0536001143E+006  2.5250388001E+042
  2.0553000732E+006  2.5252718811E+042
  2.0570001103E+006  2.5255052037E+042
  2.0587001233E+006  2.5257369121E+042
  2.0604000830E+006  2.5259717092E+042
  2.0621000727E+006  2.5262021935E+042
  2.0638000932E+006  2.5264385841E+042
  2.0655001070E+006  2.5266679322E+042
  2.0672000753E+006  2.5269059546E+042
  2.0689001006E+006  2.5271343228E+042
  2.0706000872E+006  2.5273742093E+042
  2.0723001200E+006  2.5276024436E+042
  2.0740000693E+006  2.5278431577E+042
  2.0757001152E+006  2.5280727788E+042
  2.0774000839E+006  2.5283130591E+042
  2.0791000903E+006  2.5285442595E+042
  2.0808000623E+006  2.5287837916E+042
  2.0825001074E+006  2.5290168134E+042
  2.0842001219E+006  2.5292556946E+042
  2.0859000998E+006  2.5294904200E+042
  2.0876000706E+006  2.5297285563E+042
  2.0893001236E+006  2.5299647771E+042
  2.0910000951E+006  2.5302024309E+042
  2.0927001098E+006  2.5304397510E+042
  2.0944000813E+006  2.5306769016E+042
  2.0961000637E+006  2.5309149727E+042
  2.0978001082E+006  2.5311518499E+042
  2.0995001040E+006  2.5313904466E+042
  2.1012001158E+006  2.5316267359E+042
  2.1029000963E+006  2.5318661501E+042
  2.1046001004E+006  2.5321013853E+042
  2.1063000962E+006  2.5323420406E+042
  2.1080001154E+006  2.5325769383E+042
  2.1097001032E+006  2.5328177156E+042
  2.1114000908E+006  2.5330541511E+042
  2.1131000753E+006  2.5332929857E+042
  2.1148000952E+006  2.5335300826E+042
  2.1165000929E+006  2.5337674840E+042
  2.1182001172E+006  2.5340048395E+042
  2.1199000937E+006  2.5342410280E+042
  2.1216000827E+006  2.5344780349E+042
  2.1233000682E+006  2.5347132725E+042
  2.1250001119E+006  2.5349504960E+042
  2.1267000650E+006  2.5351839014E+042
  2.1284000967E+006  2.5354218323E+042
  2.1301000889E+006  2.5356526005E+042
  2.1318000659E+006  2.5358921138E+042
  2.1335000664E+006  2.5361226928E+042
  2.1352000835E+006  2.5363607371E+042
  2.1369001075E+006  2.5365935874E+042
  2.1386000752E+006  2.5368276358E+042
  2.1403000833E+006  2.5370624404E+042
  2.1420000883E+006  2.5372920556E+042
  2.1437000838E+006  2.5375288838E+042
  2.1454000631E+006  2.5377541255E+042
  2.1471000719E+006  2.5379917508E+042
  2.1488001056E+006  2.5382141024E+042
  2.1505001056E+006  2.5384518989E+042
  2.1522000762E+006  2.5386727468E+042
  2.1539001023E+006  2.5389093579E+042
  2.1556001102E+006  2.5391349390E+042
  2.1573001211E+006  2.5393643179E+042
  2.1590000648E+006  2.5395944202E+042
  2.1607000896E+006  2.5398168630E+042
  2.1624000714E+006  2.5400507583E+042
  2.1641001094E+006  2.5402676415E+042
  2.1658001102E+006  2.5405029177E+042
  2.1675001181E+006  2.5407161119E+042
  2.1692001046E+006  2.5409503639E+042
  2.1709001030E+006  2.5411652271E+042
  2.1726001136E+006  2.5413949740E+042
  2.1743000820E+006  2.5416161481E+042
  2.1760001107E+006  2.5418380395E+042
  2.1777000980E+006  2.5420636903E+042
  2.1794000940E+006  2.5422791101E+042
  2.1811000706E+006  2.5425074938E+042
  2.1828001185E+006  2.5427177651E+042
  2.1845001168E+006  2.5429467970E+042
  2.1862000748E+006  2.5431562253E+042
  2.1879000806E+006  2.5433818925E+042
  2.1896001246E+006  2.5435973020E+042
  2.1913000929E+006  2.5438152099E+042
  2.1930000668E+006  2.5440346574E+042
  2.1947000916E+006  2.5442460697E+042
  2.1964000707E+006  2.5444684514E+042
  2.1981000821E+006  2.5446742219E+042
  2.1998001078E+006  2.5448982861E+042
  2.2015000932E+006  2.5451037279E+042
  2.2032000837E+006  2.5453231812E+042
  2.2049001192E+006  2.5455337028E+042
  2.2066001202E+006  2.5457452075E+042
  2.2083000635E+006  2.5459610987E+042
  2.2100000747E+006  2.5461645218E+042
  2.2117001009E+006  2.5463849417E+042
  2.2134001049E+006  2.5465816634E+042
  2.2151001142E+006  2.5468037182E+042
  2.2168000730E+006  2.5470043509E+042
  2.2185000627E+006  2.5472165083E+042
  2.2202000659E+006  2.5474248359E+042
  2.2219000948E+006  2.5476260232E+042
  2.2236001219E+006  2.5478422791E+042
  2.2253000759E+006  2.5480324175E+042
  2.2270001194E+006  2.5482545836E+042
  2.2287000894E+006  2.5484475043E+042
  2.2304000917E+006  2.5486595183E+042
  2.2321000749E+006  2.5488611824E+042
  2.2338000766E+006  2.5490598955E+042
  2.2355001188E+006  2.5492714713E+042
  2.2372001035E+006  2.5494576772E+042
  2.2389000888E+006  2.5496769729E+042
  2.2406000868E+006  2.5498650599E+042
  2.2423000708E+006  2.5500740911E+042
  2.2440001150E+006  2.5502713193E+042
  2.2457001053E+006  2.5504653303E+042
  2.2474000803E+006  2.5506743880E+042
  2.2491000905E+006  2.5508576825E+042
  2.2508001235E+006  2.5510714083E+042
  2.2525001073E+006  2.5512585951E+042
  2.2542000977E+006  2.5514598683E+042
  2.2559000660E+006  2.5516567047E+042
  2.2576000802E+006  2.5518442995E+042
  2.2593001035E+006  2.5520506154E+042
  2.2610000857E+006  2.5522338465E+042
  2.2627000727E+006  2.5524389055E+042
  2.2644000995E+006  2.5526273453E+042
  2.2661001106E+006  2.5528197617E+042
  2.2678000686E+006  2.5530172946E+042
  2.2695001096E+006  2.5531973530E+042
  2.2712000922E+006  2.5534020117E+042
  2.2729001180E+006  2.5535862828E+042
  2.2746001182E+006  2.5537817082E+042
  2.2763000792E+006  2.5539721920E+042
  2.2780001132E+006  2.5541546532E+042
  2.2797000875E+006  2.5543532071E+042
  2.2814001145E+006  2.5545337464E+042
  2.2831000964E+006  2.5547301134E+042
  2.2848000642E+006  2.5549154495E+042
  2.2865000891E+006  2.5550999131E+042
  2.2882001108E+006  2.5552927027E+042
  2.2899000790E+006  2.5554699653E+042
  2.2916001001E+006  2.5556666247E+042
  2.2933000754E+006  2.5558473171E+042
  2.2950000921E+006  2.5560345425E+042
  2.2967000882E+006  2.5562207542E+042
  2.2984000664E+006  2.5563955840E+042
  2.3001001251E+006  2.5565915760E+042
  2.3018001034E+006  2.5567681831E+042
  2.3035001165E+006  2.5569570775E+042
  2.3052000731E+006  2.5571378679E+042
  2.3069000718E+006  2.5573125427E+042
  2.3086001054E+006  2.5575055265E+042
  2.3103000732E+006  2.5576785119E+042
  2.3120000906E+006  2.5578682512E+042
  2.3137001243E+006  2.5580446623E+042
  2.3154000851E+006  2.5582201734E+042
  2.3171000998E+006  2.5584093150E+042
  2.3188000978E+006  2.5585797521E+042
  2.3205000669E+006  2.5587689690E+042
  2.3222001218E+006  2.5589418050E+042
  2.3239000937E+006  2.5591170230E+042
  2.3256001033E+006  2.5593036239E+042
  2.3273001061E+006  2.5594721137E+042
  2.3290001092E+006  2.5596597003E+042
  2.3307000696E+006  2.5598302579E+042
  2.3324000847E+006  2.5600033212E+042
  2.3341001067E+006  2.5601886789E+042
  2.3358001137E+006  2.5603557086E+042
  2.3375000837E+006  2.5605406641E+042
  2.3392000948E+006  2.5607104459E+042
  2.3409001139E+006  2.5608813910E+042
  2.3426001108E+006  2.5610645505E+042
  2.3443000782E+006  2.5612308418E+042
  2.3460000994E+006  2.5614118339E+042
  2.3477001235E+006  2.5615820115E+042
  2.3494000727E+006  2.5617510553E+042
  2.3511001087E+006  2.5619311622E+042
  2.3528001243E+006  2.5620978692E+042
  2.3545000779E+006  2.5622732514E+042
  2.3562000838E+006  2.5624450693E+042
  2.3579001142E+006  2.5626127261E+042
  2.3596000683E+006  2.5627886827E+042
  2.3613001013E+006  2.5629570522E+042
  2.3630001055E+006  2.5631256735E+042
  2.3647000841E+006  2.5633001959E+042
  2.3664001061E+006  2.5634665780E+042
  2.3681001010E+006  2.5636379231E+042
  2.3698000657E+006  2.5638085524E+042
  2.3715000943E+006  2.5639734863E+042
  2.3732000914E+006  2.5641475303E+042
  2.3749000853E+006  2.5643130987E+042
  2.3766000761E+006  2.5644805632E+042
  2.3783001159E+006  2.5646522893E+042
  2.3800000909E+006  2.5648169144E+042
  2.3817001187E+006  2.5649865203E+042
  2.3834001068E+006  2.5651542203E+042
  2.3851000776E+006  2.5653163413E+042
  2.3868000922E+006  2.5654891428E+042
  2.3885000647E+006  2.5656545280E+042
  2.3902001066E+006  2.5658195195E+042
  2.3919001134E+006  2.5659895971E+042
  2.3936001210E+006  2.5661520607E+042
  2.3953001206E+006  2.5663202957E+042
  2.3970001032E+006  2.5664859442E+042
  2.3987000935E+006  2.5666480884E+042
  2.4004001220E+006  2.5668169901E+042
  2.4021001217E+006  2.5669818172E+042
  2.4038001075E+006  2.5671457609E+042
  2.4055001085E+006  2.5673124147E+042
  2.4072001063E+006  2.5674765596E+042
  2.4089000948E+006  2.5676404947E+042
  2.4106000763E+006  2.5678051205E+042
  2.4123001219E+006  2.5679665734E+042
  2.4140001206E+006  2.5681327126E+042
  2.4157000813E+006  2.5682976225E+042
  2.4174001075E+006  2.5684602285E+042
  2.4191001224E+006  2.5686220768E+042
  2.4208001145E+006  2.5687899466E+042
  2.4225000647E+006  2.5689493326E+042
  2.4242000996E+006  2.5691119434E+042
  2.4259001105E+006  2.5692755052E+042
  2.4276001183E+006  2.5694372569E+042
  2.4293001123E+006  2.5696013944E+042
  2.4310000692E+006  2.5697631249E+042
  2.4327000776E+006  2.5699213398E+042
  2.4344000973E+006  2.5700917117E+042
  2.4361001187E+006  2.5702480655E+042
  2.4378000687E+006  2.5704080019E+042
  2.4395001171E+006  2.5705751113E+042
  2.4412000724E+006  2.5707323850E+042
  2.4429000921E+006  2.5708936569E+042
  2.4446001057E+006  2.5710569647E+042
  2.4463001170E+006  2.5712129219E+042
  2.4480000829E+006  2.5713816744E+042
  2.4497001225E+006  2.5715375619E+042
  2.4514000640E+006  2.5716964585E+042
  2.4531001029E+006  2.5718646088E+042
  2.4548001016E+006  2.5720193713E+042
  2.4565001013E+006  2.5721781383E+042
  2.4582000888E+006  2.5723457065E+042
  2.4599001056E+006  2.5724974164E+042
  2.4616001035E+006  2.5726616277E+042
  2.4633001025E+006  2.5728219278E+042
  2.4650000712E+006  2.5729777551E+042
  2.4667000699E+006  2.5731428763E+042
  2.4684000801E+006  2.5732976660E+042
  2.4701001240E+006  2.5734563669E+042
  2.4718001251E+006  2.5736230892E+042
  2.4735000832E+006  2.5737740541E+042
  2.4752000743E+006  2.5739352102E+042
  2.4769000797E+006  2.5740995669E+042
  2.4786001101E+006  2.5742508837E+042
  2.4803001101E+006  2.5744134284E+042
  2.4820001207E+006  2.5745734404E+042
  2.4837000964E+006  2.5747281454E+042
  2.4854001030E+006  2.5748898342E+042
  2.4871001191E+006  2.5750470615E+042
  2.4888001013E+006  2.5752029381E+042
  2.4905001138E+006  2.5753676480E+042
  2.4922000742E+006  2.5755175411E+042
  2.4939000633E+006  2.5756793934E+042
  2.4956000827E+006  2.5758410060E+042
  2.4973001157E+006  2.5759908168E+042
  2.4990001117E+006  2.5761523182E+042
  2.5007000744E+006  2.5763144139E+042
  2.5024001182E+006  2.5764620244E+042
  2.5041001195E+006  2.5766260661E+042
  2.5058000860E+006  2.5767845020E+042
  2.5075000783E+006  2.5769345573E+042
  2.5092000840E+006  2.5770986805E+042
  2.5109001152E+006  2.5772530051E+042
  2.5126001202E+006  2.5774072664E+042
  2.5143000666E+006  2.5775687376E+042
  2.5160000963E+006  2.5777234847E+042
  2.5177001156E+006  2.5778762990E+042
  2.5194000651E+006  2.5780403946E+042
  2.5211000902E+006  2.5781904496E+042
  2.5228000638E+006  2.5783466113E+042
  2.5245000803E+006  2.5785084791E+042
  2.5262000980E+006  2.5786581272E+042
  2.5279000912E+006  2.5788146186E+042
  2.5296001132E+006  2.5789753667E+042
  2.5313001203E+006  2.5791256022E+042
  2.5330000713E+006  2.5792799552E+042
  2.5347000999E+006  2.5794427301E+042
  2.5364000949E+006  2.5795892910E+042
  2.5381000646E+006  2.5797464013E+042
  2.5398001017E+006  2.5799058926E+042
  2.5415000852E+006  2.5800536505E+042
  2.5432000693E+006  2.5802089022E+042
  2.5449001168E+006  2.5803683652E+042
  2.5466000910E+006  2.5805162383E+042
  2.5483000828E+006  2.5806686237E+042
  2.5500000805E+006  2.5808310196E+042
  2.5517001124E+006  2.5809747190E+042
  2.5534001030E+006  2.5811289732E+042
  2.5551001201E+006  2.5812888137E+042
  2.5568000862E+006  2.5814334151E+042
  2.5585000652E+006  2.5815851217E+042
  2.5602001085E+006  2.5817451749E+042
  2.5619000747E+006  2.5818904520E+042
  2.5636000945E+006  2.5820377853E+042
  2.5653001052E+006  2.5822017050E+042
  2.5670000753E+006  2.5823426197E+042
  2.5687000700E+006  2.5824906112E+042
  2.5704001061E+006  2.5826532087E+042
  2.5721000847E+006  2.5827940625E+042
  2.5738001212E+006  2.5829406046E+042
  2.5755001057E+006  2.5831021493E+042
  2.5772000970E+006  2.5832453600E+042
  2.5789001213E+006  2.5833862650E+042
  2.5806000995E+006  2.5835512120E+042
  2.5823001152E+006  2.5836914021E+042
  2.5840000710E+006  2.5838310932E+042
  2.5857000878E+006  2.5839965606E+042
  2.5874000758E+006  2.5841349716E+042
  2.5891000955E+006  2.5842753423E+042
  2.5908000785E+006  2.5844369369E+042
  2.5925000987E+006  2.5845785903E+042
  2.5942000641E+006  2.5847140914E+042
  2.5959000837E+006  2.5848756231E+042
  2.5976001156E+006  2.5850190835E+042
  2.5993000985E+006  2.5851499223E+042
  2.6010001061E+006  2.5853133708E+042
  2.6027001226E+006  2.5854545657E+042
  2.6044000766E+006  2.5855852932E+042
  2.6061000800E+006  2.5857452983E+042
  2.6078001211E+006  2.5858881281E+042
  2.6095001153E+006  2.5860196085E+042
  2.6112001242E+006  2.5861731117E+042
  2.6129000676E+006  2.5863212075E+042
  2.6146000807E+006  2.5864489388E+042
  2.6163001067E+006  2.5865994347E+042
  2.6180000972E+006  2.5867498944E+042
  2.6197000946E+006  2.5868756816E+042
  2.6214000955E+006  2.5870249052E+042
  2.6231000814E+006  2.5871730473E+042
  2.6248000974E+006  2.5873015127E+042
  2.6265000775E+006  2.5874451538E+042
  2.6282000700E+006  2.5875931720E+042
  2.6299001127E+006  2.5877252547E+042
  2.6316001026E+006  2.5878611488E+042
  2.6333001177E+006  2.5880115636E+042
  2.6350000834E+006  2.5881426393E+042
  2.6367001027E+006  2.5882749236E+042
  2.6384001007E+006  2.5884264082E+042
  2.6401000655E+006  2.5885554027E+042
  2.6418000987E+006  2.5886878542E+042
  2.6435000644E+006  2.5888346929E+042
  2.6452001052E+006  2.5889652343E+042
  2.6469001130E+006  2.5890974970E+042
  2.6486001224E+006  2.5892382166E+042
  2.6503000784E+006  2.5893724934E+042
  2.6520000796E+006  2.5895006346E+042
  2.6537000981E+006  2.5896379608E+042
  2.6554000972E+006  2.5897744474E+042
  2.6571001080E+006  2.5898994496E+042
  2.6588000934E+006  2.5900356017E+042
  2.6605000831E+006  2.5901705637E+042
  2.6622000699E+006  2.5902952240E+042
  2.6639001088E+006  2.5904287610E+042
  2.6656001052E+006  2.5905626961E+042
  2.6673000756E+006  2.5906882333E+042
  2.6690001218E+006  2.5908174039E+042
  2.6707000802E+006  2.5909513441E+042
  2.6724001040E+006  2.5910760400E+042
  2.6741000645E+006  2.5912017726E+042
  2.6758000765E+006  2.5913362547E+042
  2.6775001043E+006  2.5914580816E+042
  2.6792001120E+006  2.5915826742E+042
  2.6809000710E+006  2.5917151546E+042
  2.6826000636E+006  2.5918363480E+042
  2.6843001157E+006  2.5919602386E+042
  2.6860001218E+006  2.5920880849E+042
  2.6877001078E+006  2.5922119256E+042
  2.6894000976E+006  2.5923339756E+042
  2.6911000802E+006  2.5924573399E+042
  2.6928000831E+006  2.5925838094E+042
  2.6945001083E+006  2.5927023499E+042
  2.6962001152E+006  2.5928227001E+042
  2.6979001114E+006  2.5929505235E+042
  2.6996000725E+006  2.5930660642E+042
  2.7013000838E+006  2.5931840885E+042
  2.7030000968E+006  2.5933098787E+042
  2.7047000886E+006  2.5934257087E+042
  2.7064000829E+006  2.5935423049E+042
  2.7081000970E+006  2.5936643471E+042
  2.7098000810E+006  2.5937813768E+042
  2.7115000822E+006  2.5938979162E+042
  2.7132001169E+006  2.5940134093E+042
  2.7149000778E+006  2.5941325452E+042
  2.7166000686E+006  2.5942479708E+042
  2.7183000971E+006  2.5943575355E+042
  2.7200001170E+006  2.5944772611E+042
  2.7217000720E+006  2.5945920799E+042
  2.7234000662E+006  2.5946988819E+042
  2.7251000663E+006  2.5948171472E+042
  2.7268000846E+006  2.5949300643E+042
  2.7285000740E+006  2.5950376916E+042
  2.7302000832E+006  2.5951497448E+042
  2.7319001226E+006  2.5952609867E+042
  2.7336000794E+006  2.5953732266E+042
  2.7353000834E+006  2.5954775890E+042
  2.7370001181E+006  2.5955865019E+042
  2.7387000720E+006  2.5957031744E+042
  2.7404000849E+006  2.5958027794E+042
  2.7421000963E+006  2.5959079385E+042
  2.7438000992E+006  2.5960246756E+042
  2.7455001014E+006  2.5961250323E+042
  2.7472000939E+006  2.5962267581E+042
  2.7489001187E+006  2.5963362866E+042
  2.7506000931E+006  2.5964431814E+042
  2.7523000853E+006  2.5965438877E+042
  2.7540001082E+006  2.5966435435E+042
  2.7557000902E+006  2.5967552955E+042
  2.7574001008E+006  2.5968572429E+042
  2.7591000829E+006  2.5969488073E+042
  2.7608000651E+006  2.5970587542E+042
  2.7625000738E+006  2.5971654678E+042
  2.7642001208E+006  2.5972536387E+042
  2.7659000896E+006  2.5973544820E+042
  2.7676000895E+006  2.5974666450E+042
  2.7693000652E+006  2.5975568829E+042
  2.7710000862E+006  2.5976511866E+042
  2.7727000987E+006  2.5977578659E+042
  2.7744001170E+006  2.5978565222E+042
  2.7761001235E+006  2.5979472945E+042
  2.7778001197E+006  2.5980387318E+042
  2.7795001070E+006  2.5981498504E+042
  2.7812000834E+006  2.5982409073E+042
  2.7829001218E+006  2.5983217152E+042
  2.7846000939E+006  2.5984331687E+042
  2.7863001167E+006  2.5985298375E+042
  2.7880001183E+006  2.5986084958E+042
  2.7897000638E+006  2.5987049493E+042
  2.7914000743E+006  2.5988110610E+042
  2.7931000665E+006  2.5988936124E+042
  2.7948000944E+006  2.5989780535E+042
  2.7965000708E+006  2.5990806851E+042
  2.7982001155E+006  2.5991740840E+042
  2.7999000741E+006  2.5992556240E+042
  2.8016000661E+006  2.5993399956E+042
  2.8033000733E+006  2.5994461542E+042
  2.8050000877E+006  2.5995310131E+042
  2.8067000768E+006  2.5996024267E+042
  2.8084000989E+006  2.5997057932E+042
  2.8101000745E+006  2.5998002752E+042
  2.8118001199E+006  2.5998702362E+042
  2.8135000760E+006  2.5999576981E+042
  2.8152000659E+006  2.6000593123E+042
  2.8169000714E+006  2.6001367313E+042
  2.8186000812E+006  2.6002128196E+042
  2.8203000666E+006  2.6003054947E+042
  2.8220000889E+006  2.6003960039E+042
  2.8237001247E+006  2.6004722721E+042
  2.8254000986E+006  2.6005476062E+042
  2.8271001148E+006  2.6006436486E+042
  2.8288001098E+006  2.6007296975E+042
  2.8305001143E+006  2.6007939075E+042
  2.8322001138E+006  2.6008810903E+042
  2.8339000951E+006  2.6009781360E+042
  2.8356000633E+006  2.6010445368E+042
  2.8373000968E+006  2.6011182746E+042
  2.8390001188E+006  2.6012142328E+042
  2.8407001243E+006  2.6012919052E+042
  2.8424000671E+006  2.6013588363E+042
  2.8441000669E+006  2.6014428322E+042
  2.8458001117E+006  2.6015280938E+042
  2.8475000745E+006  2.6016027136E+042
  2.8492001208E+006  2.6016739887E+042
  2.8509000874E+006  2.6017548458E+042
  2.8526000932E+006  2.6018404294E+042
  2.8543000707E+006  2.6019076271E+042
  2.8560000948E+006  2.6019779004E+042
  2.8577000917E+006  2.6020670452E+042
  2.8594001227E+006  2.6021430152E+042
  2.8611001111E+006  2.6022041832E+042
  2.8628001104E+006  2.6022854627E+042
  2.8645000797E+006  2.6023685355E+042
  2.8662000743E+006  2.6024318039E+042
  2.8679000735E+006  2.6025050384E+042
  2.8696001052E+006  2.6025857230E+042
  2.8713001163E+006  2.6026573417E+042
  2.8730000751E+006  2.6027258890E+042
  2.8747000858E+006  2.6027980271E+042
  2.8764000751E+006  2.6028739350E+042
  2.8781000684E+006  2.6029468921E+042
  2.8798001176E+006  2.6030128879E+042
  2.8815000811E+006  2.6030816481E+042
  2.8832000781E+006  2.6031620922E+042
  2.8849001193E+006  2.6032264349E+042
  2.8866000724E+006  2.6032906924E+042
  2.8883001216E+006  2.6033682063E+042
  2.8900001199E+006  2.6034395742E+042
  2.8917000747E+006  2.6034988221E+042
  2.8934000686E+006  2.6035710691E+042
  2.8951000800E+006  2.6036462745E+042
  2.8968000823E+006  2.6037058828E+042
  2.8985001236E+006  2.6037745360E+042
  2.9002001047E+006  2.6038448185E+042
  2.9019000805E+006  2.6039120628E+042
  2.9036000957E+006  2.6039750880E+042
  2.9053000759E+006  2.6040451252E+042
  2.9070001098E+006  2.6041081110E+042
  2.9087001186E+006  2.6041781832E+042
  2.9104000934E+006  2.6042420217E+042
  2.9121000693E+006  2.6043041712E+042
  2.9138000753E+006  2.6043733334E+042
  2.9155000690E+006  2.6044410476E+042
  2.9172000689E+006  2.6044976615E+042
  2.9189001116E+006  2.6045647235E+042
  2.9206001239E+006  2.6046383103E+042
  2.9223001110E+006  2.6046905028E+042
  2.9240000779E+006  2.6047542568E+042
  2.9257000776E+006  2.6048265987E+042
  2.9274000814E+006  2.6048882821E+042
  2.9291001110E+006  2.6049415473E+042
  2.9308000639E+006  2.6050132934E+042
  2.9325000886E+006  2.6050745665E+042
  2.9342000925E+006  2.6051351920E+042
  2.9359000634E+006  2.6051966430E+042
  2.9376000760E+006  2.6052591539E+042
  2.9393000680E+006  2.6053191535E+042
  2.9410000910E+006  2.6053841670E+042
  2.9427001121E+006  2.6054411179E+042
  2.9444000989E+006  2.6054999954E+042
  2.9461000804E+006  2.6055663945E+042
  2.9478000640E+006  2.6056254916E+042
  2.9495000863E+006  2.6056790480E+042
  2.9512000666E+006  2.6057431965E+042
  2.9529001083E+006  2.6058104983E+042
  2.9546000658E+006  2.6058592643E+042
  2.9563001098E+006  2.6059187951E+042
  2.9580000770E+006  2.6059867667E+042
  2.9597000762E+006  2.6060432565E+042
  2.9614000953E+006  2.6060947221E+042
  2.9631001022E+006  2.6061611939E+042
  2.9648000808E+006  2.6062182330E+042
  2.9665001248E+006  2.6062753270E+042
  2.9682000648E+006  2.6063343510E+042
  2.9699001240E+006  2.6063929766E+042
  2.9716001252E+006  2.6064472776E+042
  2.9733001016E+006  2.6065101497E+042
  2.9750000954E+006  2.6065677783E+042
  2.9767000907E+006  2.6066195712E+042
  2.9784000680E+006  2.6066786207E+042
  2.9801000649E+006  2.6067435411E+042
  2.9818001056E+006  2.6067928134E+042
  2.9835001093E+006  2.6068477796E+042
  2.9852000896E+006  2.6069122818E+042
  2.9869001165E+006  2.6069662226E+042
  2.9886001090E+006  2.6070180754E+042
  2.9903000894E+006  2.6070793765E+042
  2.9920000978E+006  2.6071358699E+042
  2.9937001252E+006  2.6071879022E+042
  2.9954000795E+006  2.6072464337E+042
  2.9971000678E+006  2.6073064862E+042
  2.9988001142E+006  2.6073544595E+042
  3.0005001221E+006  2.6074120285E+042
  3.0022000726E+006  2.6074759595E+042
  3.0039000829E+006  2.6075252825E+042
  3.0056000659E+006  2.6075742870E+042
  3.0073001121E+006  2.6076397262E+042
  3.0090001148E+006  2.6076959372E+042
  3.0107001164E+006  2.6077434526E+042
  3.0124001198E+006  2.6077971455E+042
  3.0141000966E+006  2.6078623122E+042
  3.0158000764E+006  2.6079128237E+042
  3.0175000724E+006  2.6079640089E+042
  3.0192000645E+006  2.6080213465E+042
  3.0209001245E+006  2.6080776506E+042
  3.0226000949E+006  2.6081311937E+042
  3.0243000693E+006  2.6081878844E+042
  3.0260001217E+006  2.6082369215E+042
  3.0277001071E+006  2.6082924301E+042
  3.0294000979E+006  2.6083524292E+042
  3.0311001255E+006  2.6084088838E+042
  3.0328000921E+006  2.6084496261E+042
  3.0345000741E+006  2.6085092657E+042
  3.0362001184E+006  2.6085765111E+042
  3.0379001028E+006  2.6086230404E+042
  3.0396001238E+006  2.6086642631E+042
  3.0413000795E+006  2.6087290859E+042
  3.0430001159E+006  2.6087945533E+042
  3.0447000932E+006  2.6088368571E+042
  3.0464000697E+006  2.6088823548E+042
  3.0481000812E+006  2.6089497218E+042
  3.0498000843E+006  2.6090080893E+042
  3.0515001073E+006  2.6090529524E+042
  3.0532000815E+006  2.6091042586E+042
  3.0549001136E+006  2.6091628176E+042
  3.0566001151E+006  2.6092219255E+042
  3.0583001012E+006  2.6092722451E+042
  3.0600001068E+006  2.6093266225E+042
  3.0617000801E+006  2.6093730700E+042
  3.0634001075E+006  2.6094378404E+042
  3.0651000995E+006  2.6094950175E+042
  3.0668000693E+006  2.6095423726E+042
  3.0685001173E+006  2.6095846006E+042
  3.0702000908E+006  2.6096561832E+042
  3.0719001180E+006  2.6097169429E+042
  3.0736001006E+006  2.6097561669E+042
  3.0753001196E+006  2.6097991921E+042
  3.0770000801E+006  2.6098767351E+042
  3.0787001114E+006  2.6099331660E+042
  3.0804000785E+006  2.6099712717E+042
  3.0821001144E+006  2.6100170068E+042
  3.0838001226E+006  2.6100951348E+042
  3.0855001207E+006  2.6101476353E+042
  3.0872000718E+006  2.6101887847E+042
  3.0889001078E+006  2.6102384763E+042
  3.0906000752E+006  2.6103071832E+042
  3.0923000723E+006  2.6103628147E+042
  3.0940001096E+006  2.6104093137E+042
  3.0957000950E+006  2.6104614634E+042
  3.0974000713E+006  2.6105172536E+042
  3.0991001043E+006  2.6105794319E+042
  3.1008000890E+006  2.6106329407E+042
  3.1025001091E+006  2.6106794313E+042
  3.1042001247E+006  2.6107291366E+042
  3.1059000890E+006  2.6107976646E+042
  3.1076000666E+006  2.6108588814E+042
  3.1093001058E+006  2.6108973684E+042
  3.1110001136E+006  2.6109447067E+042
  3.1127000989E+006  2.6110173150E+042
  3.1144000944E+006  2.6110815682E+042
  3.1161000792E+006  2.6111169175E+042
  3.1178001223E+006  2.6111642493E+042
  3.1195001166E+006  2.6112384621E+042
  3.1212000832E+006  2.6113010779E+042
  3.1229001045E+006  2.6113388702E+042
  3.1246000747E+006  2.6113853932E+042
  3.1263000672E+006  2.6114591587E+042
  3.1280001202E+006  2.6115193809E+042
  3.1297000750E+006  2.6115631876E+042
  3.1314000666E+006  2.6116096654E+042
  3.1331001248E+006  2.6116775954E+042
  3.1348001213E+006  2.6117374473E+042
  3.1365001214E+006  2.6117894469E+042
  3.1382000637E+006  2.6118386667E+042
  3.1399001039E+006  2.6118973015E+042
  3.1416001233E+006  2.6119565176E+042
  3.1433000883E+006  2.6120167463E+042
  3.1450001030E+006  2.6120697978E+042
  3.1467001151E+006  2.6121158574E+042
  3.1484000787E+006  2.6121769550E+042
  3.1501000783E+006  2.6122441702E+042
  3.1518000638E+006  2.6122987748E+042
  3.1535001226E+006  2.6123369540E+042
  3.1552000892E+006  2.6123994233E+042
  3.1569001166E+006  2.6124723308E+042
  3.1586001022E+006  2.6125266731E+042
  3.1603001227E+006  2.6125621176E+042
  3.1620000709E+006  2.6126253011E+042
  3.1637000912E+006  2.6127009044E+042
  3.1654000737E+006  2.6127537905E+042
  3.1671001189E+006  2.6127919835E+042
  3.1688001264E+006  2.6128518338E+042
  3.1705001053E+006  2.6129275912E+042
  3.1722000771E+006  2.6129803458E+042
  3.1739001191E+006  2.6130262116E+042
  3.1756001193E+006  2.6130823024E+042
  3.1773001199E+006  2.6131540689E+042
  3.1790000836E+006  2.6132083546E+042
  3.1807000816E+006  2.6132605581E+042
  3.1824000721E+006  2.6133162110E+042
  3.1841000684E+006  2.6133780066E+042
  3.1858000880E+006  2.6134378415E+042
  3.1875001085E+006  2.6134945525E+042
  3.1892000910E+006  2.6135522227E+042
  3.1909001078E+006  2.6136051910E+042
  3.1926001145E+006  2.6136679670E+042
  3.1943001269E+006  2.6137302376E+042
  3.1960001049E+006  2.6137904718E+042
  3.1977000839E+006  2.6138352509E+042
  3.1994000849E+006  2.6138958146E+042
  3.2011001207E+006  2.6139675065E+042
  3.2028000778E+006  2.6140265998E+042
  3.2045001028E+006  2.6140674709E+042
  3.2062001045E+006  2.6141263988E+042
  3.2079001076E+006  2.6142042746E+042
  3.2096000636E+006  2.6142633387E+042
  3.2113001185E+006  2.6143028656E+042
  3.2130000877E+006  2.6143596078E+042
  3.2147001218E+006  2.6144358862E+042
  3.2164000819E+006  2.6145010295E+042
  3.2181001118E+006  2.6145416479E+042
  3.2198000879E+006  2.6145943605E+042
  3.2215000975E+006  2.6146694639E+042
  3.2232000790E+006  2.6147368138E+042
  3.2249001189E+006  2.6147823538E+042
  3.2266000953E+006  2.6148303397E+042
  3.2283000909E+006  2.6149037579E+042
  3.2300000913E+006  2.6149649669E+042
  3.2317001174E+006  2.6150236169E+042
  3.2334001138E+006  2.6150723120E+042
  3.2351000939E+006  2.6151375228E+042
  3.2368000749E+006  2.6151958256E+042
  3.2385000984E+006  2.6152596649E+042
  3.2402001260E+006  2.6153172828E+042
  3.2419001041E+006  2.6153714919E+042
  3.2436001169E+006  2.6154277266E+042
  3.2453001022E+006  2.6154895369E+042
  3.2470000818E+006  2.6155617590E+042
  3.2487001227E+006  2.6156132226E+042
  3.2504001196E+006  2.6156591395E+042
  3.2521001225E+006  2.6157212580E+042
  3.2538000867E+006  2.6157958581E+042
  3.2555000854E+006  2.6158586671E+042
  3.2572000639E+006  2.6158921178E+042
  3.2589001043E+006  2.6159527438E+042
  3.2606000676E+006  2.6160265893E+042
  3.2623001035E+006  2.6161007465E+042
  3.2640000865E+006  2.6161349714E+042
  3.2657001012E+006  2.6161830791E+042
  3.2674000855E+006  2.6162575455E+042
  3.2691001194E+006  2.6163287459E+042
  3.2708000882E+006  2.6163803703E+042
  3.2725000956E+006  2.6164170266E+042
