,mjd,mag,dmag,filter,source,abs_mag,t_from_discovery
0,51481.44232,12.854,0.001414213562373095,U,Leonard,-17.486,1.0000000000035316
1,51482.44506,12.824,0.001414213562373095,U,Leonard,-17.516,1.9999999999998073
2,51483.4478,12.854,0.001414213562373095,U,Leonard,-17.486,3.000000000003339
3,51484.45054,12.934,0.001414213562373095,U,Leonard,-17.406,3.9999999999996145
4,51485.45328,12.984,0.001414213562373095,U,Leonard,-17.356,5.000000000003147
5,51487.45876,13.113999999999999,0.001414213562373095,U,Leonard,-17.226,7.000000000002954
6,51488.4615,13.164,0.001414213562373095,U,Leonard,-17.176000000000002,7.999999999999229
7,51489.46424,13.234,0.001414213562373095,U,Leonard,-17.106,9.00000000000276
8,51493.4752,13.724,0.001414213562373095,U,Leonard,-16.616,13.000000000002375
9,51494.47794,13.844,0.001414213562373095,U,Leonard,-16.496000000000002,13.999999999998652
10,51495.48068,14.004,0.001414213562373095,U,Leonard,-16.336,15.000000000002183
11,51496.48342,14.193999999999999,0.001414213562373095,U,Leonard,-16.146,15.999999999998458
12,51498.4889,14.384,0.001414213562373095,U,Leonard,-15.956,17.999999999998266
13,51501.49712,14.794,0.001414213562373095,U,Leonard,-15.546,21.000000000001606
14,51508.516299999996,15.284,0.001414213562373095,U,Leonard,-15.056,27.999999999997303
15,51510.521779999995,15.384,0.001414213562373095,U,Leonard,-14.956,29.99999999999711
16,51514.532739999995,15.594,0.001414213562373095,U,Leonard,-14.746,33.999999999996724
17,51516.538219999995,15.634,0.001414213562373095,U,Leonard,-14.706,35.99999999999653
18,51518.5437,15.784,0.001414213562373095,U,Leonard,-14.556,38.000000000003595
19,51520.448906,15.844,0.001414213562373095,U,Leonard,-14.496,39.89999999999942
20,51523.457126,16.034000000000002,0.001414213562373095,U,Leonard,-14.305999999999997,42.90000000000276
21,51526.465346,16.134,0.001414213562373095,U,Leonard,-14.206,45.89999999999884
22,51527.468086,16.164,0.001414213562373095,U,Leonard,-14.175999999999998,46.90000000000238
23,51530.476306,16.274,0.001414213562373095,U,Leonard,-14.065999999999999,49.89999999999846
24,51541.506446,16.784000000000002,0.001414213562373095,U,Leonard,-13.555999999999997,60.90000000000103
25,51546.520145999995,16.784000000000002,0.001414213562373095,U,Leonard,-13.555999999999997,65.89999999999692
26,51551.433572,16.834000000000003,0.001414213562373095,U,Leonard,-13.505999999999997,70.80000000000334
27,51556.447272,17.084000000000003,0.001414213562373095,U,Leonard,-13.255999999999997,75.79999999999923
28,51557.450012,17.154,0.001414213562373095,U,Leonard,-13.186,76.80000000000275
29,51481.44232,13.722999999999999,0.001414213562373095,B,Leonard,-16.617,1.0000000000035316
30,51482.44506,13.653,0.001414213562373095,B,Leonard,-16.686999999999998,1.9999999999998073
31,51483.4478,13.653,0.001414213562373095,B,Leonard,-16.686999999999998,3.000000000003339
32,51484.45054,13.673,0.001414213562373095,B,Leonard,-16.667,3.9999999999996145
33,51485.45328,13.703,0.001414213562373095,B,Leonard,-16.637,5.000000000003147
34,51487.45876,13.773,0.001414213562373095,B,Leonard,-16.567,7.000000000002954
35,51488.4615,13.802999999999999,0.001414213562373095,B,Leonard,-16.537,7.999999999999229
36,51489.46424,13.843,0.001414213562373095,B,Leonard,-16.497,9.00000000000276
37,51491.46972,13.873,0.001414213562373095,B,Leonard,-16.467,11.000000000002569
38,51492.47246,13.923,0.001414213562373095,B,Leonard,-16.417,11.999999999998844
39,51493.4752,13.943,0.001414213562373095,B,Leonard,-16.397,13.000000000002375
40,51494.47794,14.003,0.001414213562373095,B,Leonard,-16.337,13.999999999998652
41,51495.48068,14.052999999999999,0.001414213562373095,B,Leonard,-16.287,15.000000000002183
42,51496.48342,14.103,0.001414213562373095,B,Leonard,-16.237000000000002,15.999999999998458
43,51498.4889,14.193,0.001414213562373095,B,Leonard,-16.147,17.999999999998266
44,51501.49712,14.323,0.001414213562373095,B,Leonard,-16.017,21.000000000001606
45,51508.516299999996,14.583,0.001414213562373095,B,Leonard,-15.757,27.999999999997303
46,51510.521779999995,14.642999999999999,0.001414213562373095,B,Leonard,-15.697000000000001,29.99999999999711
47,51514.532739999995,14.722999999999999,0.001414213562373095,B,Leonard,-15.617,33.999999999996724
48,51518.5437,14.793,0.001414213562373095,B,Leonard,-15.547,38.000000000003595
49,51520.448906,14.823,0.001414213562373095,B,Leonard,-15.517,39.89999999999942
50,51523.457126,14.833,0.001414213562373095,B,Leonard,-15.507,42.90000000000276
51,51526.465346,14.892999999999999,0.001414213562373095,B,Leonard,-15.447000000000001,45.89999999999884
52,51527.468086,14.903,0.001414213562373095,B,Leonard,-15.437,46.90000000000238
53,51530.476306,14.943,0.001414213562373095,B,Leonard,-15.397,49.89999999999846
54,51541.506446,15.123,0.001414213562373095,B,Leonard,-15.217,60.90000000000103
55,51546.520145999995,15.173,0.001414213562373095,B,Leonard,-15.167,65.89999999999692
56,51551.433572,15.233,0.001414213562373095,B,Leonard,-15.107,70.80000000000334
57,51556.447272,15.253,0.001414213562373095,B,Leonard,-15.087,75.79999999999923
58,51558.452752,15.373,0.001414213562373095,B,Leonard,-14.967,77.79999999999903
59,51570.485631999996,15.483,0.001414213562373095,B,Leonard,-14.857,89.79999999999788
60,51576.502071999996,15.593,0.001414213562373095,B,Leonard,-14.747,95.7999999999973
61,51581.515772,15.722999999999999,0.001414213562373095,B,Leonard,-14.617,100.80000000000045
62,51607.587011999996,17.623,0.001414213562373095,B,Leonard,-12.716999999999999,126.79999999999795
63,51614.505917999995,17.843,0.001414213562373095,B,Leonard,-12.497,133.69999999999692
64,51619.519618,17.823,0.001414213562373095,B,Leonard,-12.517,138.70000000000007
65,51624.533318,17.913,0.001414213562373095,B,Leonard,-12.427,143.7000000000032
66,51629.647292,17.953000000000003,0.001414213562373095,B,Leonard,-12.386999999999997,148.80000000000308
67,51637.669212,17.833000000000002,0.001414213562373095,B,Leonard,-12.506999999999998,156.8000000000023
68,51481.44232,13.758999999999999,0.001414213562373095,V,Leonard,-16.581000000000003,1.0000000000035316
69,51482.44506,13.689,0.001414213562373095,V,Leonard,-16.651,1.9999999999998073
70,51483.4478,13.678999999999998,0.001414213562373095,V,Leonard,-16.661,3.000000000003339
71,51484.45054,13.678999999999998,0.001414213562373095,V,Leonard,-16.661,3.9999999999996145
72,51485.45328,13.678999999999998,0.001414213562373095,V,Leonard,-16.661,5.000000000003147
73,51487.45876,13.729,0.001414213562373095,V,Leonard,-16.611,7.000000000002954
74,51488.4615,13.729,0.001414213562373095,V,Leonard,-16.611,7.999999999999229
75,51489.46424,13.748999999999999,0.001414213562373095,V,Leonard,-16.591,9.00000000000276
76,51491.46972,13.729,0.001414213562373095,V,Leonard,-16.611,11.000000000002569
77,51492.47246,13.719,0.001414213562373095,V,Leonard,-16.621000000000002,11.999999999998844
78,51493.4752,13.689,0.001414213562373095,V,Leonard,-16.651,13.000000000002375
79,51494.47794,13.699,0.001414213562373095,V,Leonard,-16.641,13.999999999998652
80,51495.48068,13.699,0.001414213562373095,V,Leonard,-16.641,15.000000000002183
81,51496.48342,13.699,0.001414213562373095,V,Leonard,-16.641,15.999999999998458
82,51498.4889,13.738999999999999,0.001414213562373095,V,Leonard,-16.601,17.999999999998266
83,51501.49712,13.748999999999999,0.001414213562373095,V,Leonard,-16.591,21.000000000001606
84,51508.516299999996,13.799,0.001414213562373095,V,Leonard,-16.541,27.999999999997303
85,51510.521779999995,13.828999999999999,0.001414213562373095,V,Leonard,-16.511000000000003,29.99999999999711
86,51514.532739999995,13.818999999999999,0.001414213562373095,V,Leonard,-16.521,33.999999999996724
87,51516.538219999995,13.789,0.001414213562373095,V,Leonard,-16.551000000000002,35.99999999999653
88,51518.5437,13.818999999999999,0.001414213562373095,V,Leonard,-16.521,38.000000000003595
89,51520.448906,13.818999999999999,0.001414213562373095,V,Leonard,-16.521,39.89999999999942
90,51523.457126,13.799,0.001414213562373095,V,Leonard,-16.541,42.90000000000276
91,51526.465346,13.818999999999999,0.001414213562373095,V,Leonard,-16.521,45.89999999999884
92,51527.468086,13.818999999999999,0.001414213562373095,V,Leonard,-16.521,46.90000000000238
93,51530.476306,13.828999999999999,0.001414213562373095,V,Leonard,-16.511000000000003,49.89999999999846
94,51541.506446,13.879,0.001414213562373095,V,Leonard,-16.461,60.90000000000103
95,51546.520145999995,13.908999999999999,0.001414213562373095,V,Leonard,-16.431,65.89999999999692
96,51551.433572,13.918999999999999,0.001414213562373095,V,Leonard,-16.421,70.80000000000334
97,51556.447272,13.928999999999998,0.001414213562373095,V,Leonard,-16.411,75.79999999999923
98,51558.452752,13.959,0.001414213562373095,V,Leonard,-16.381,77.79999999999903
99,51570.485631999996,14.059,0.001414213562373095,V,Leonard,-16.281,89.79999999999788
100,51576.502071999996,14.158999999999999,0.001414213562373095,V,Leonard,-16.181,95.7999999999973
101,51581.515772,14.269,0.001414213562373095,V,Leonard,-16.070999999999998,100.80000000000045
102,51607.587011999996,16.139,0.001414213562373095,V,Leonard,-14.201,126.79999999999795
103,51614.505917999995,16.259,0.001414213562373095,V,Leonard,-14.081,133.69999999999692
104,51619.519618,16.309,0.001414213562373095,V,Leonard,-14.030999999999999,138.70000000000007
105,51624.533318,16.249,0.001414213562373095,V,Leonard,-14.091000000000001,143.7000000000032
106,51629.647292,16.378999999999998,0.001414213562373095,V,Leonard,-13.961000000000002,148.80000000000308
107,51637.669212,16.439,0.001414213562373095,V,Leonard,-13.901,156.8000000000023
108,51481.44232,13.582,0.001414213562373095,R,Leonard,-16.758,1.0000000000035316
109,51482.44506,13.532,0.001414213562373095,R,Leonard,-16.808,1.9999999999998073
110,51483.4478,13.512,0.001414213562373095,R,Leonard,-16.828,3.000000000003339
111,51484.45054,13.502,0.001414213562373095,R,Leonard,-16.838,3.9999999999996145
112,51485.45328,13.482000000000001,0.001414213562373095,R,Leonard,-16.857999999999997,5.000000000003147
113,51487.45876,13.502,0.001414213562373095,R,Leonard,-16.838,7.000000000002954
114,51488.4615,13.492,0.001414213562373095,R,Leonard,-16.848,7.999999999999229
115,51489.46424,13.492,0.001414213562373095,R,Leonard,-16.848,9.00000000000276
116,51491.46972,13.452,0.001414213562373095,R,Leonard,-16.887999999999998,11.000000000002569
117,51493.4752,13.442,0.001414213562373095,R,Leonard,-16.898,13.000000000002375
118,51494.47794,13.432,0.001414213562373095,R,Leonard,-16.908,13.999999999998652
119,51495.48068,13.442,0.001414213562373095,R,Leonard,-16.898,15.000000000002183
120,51496.48342,13.472000000000001,0.001414213562373095,R,Leonard,-16.868,15.999999999998458
121,51498.4889,13.472000000000001,0.001414213562373095,R,Leonard,-16.868,17.999999999998266
122,51501.49712,13.472000000000001,0.001414213562373095,R,Leonard,-16.868,21.000000000001606
123,51508.516299999996,13.482000000000001,0.001414213562373095,R,Leonard,-16.857999999999997,27.999999999997303
124,51510.521779999995,13.502,0.001414213562373095,R,Leonard,-16.838,29.99999999999711
125,51514.532739999995,13.472000000000001,0.001414213562373095,R,Leonard,-16.868,33.999999999996724
126,51516.538219999995,13.452,0.001414213562373095,R,Leonard,-16.887999999999998,35.99999999999653
127,51518.5437,13.462000000000002,0.001414213562373095,R,Leonard,-16.878,38.000000000003595
128,51520.448906,13.452,0.001414213562373095,R,Leonard,-16.887999999999998,39.89999999999942
129,51523.457126,13.422,0.001414213562373095,R,Leonard,-16.918,42.90000000000276
130,51526.465346,13.412,0.001414213562373095,R,Leonard,-16.927999999999997,45.89999999999884
131,51527.468086,13.432,0.001414213562373095,R,Leonard,-16.908,46.90000000000238
132,51530.476306,13.412,0.001414213562373095,R,Leonard,-16.927999999999997,49.89999999999846
133,51541.506446,13.412,0.001414213562373095,R,Leonard,-16.927999999999997,60.90000000000103
134,51546.520145999995,13.422,0.001414213562373095,R,Leonard,-16.918,65.89999999999692
135,51551.433572,13.412,0.001414213562373095,R,Leonard,-16.927999999999997,70.80000000000334
136,51556.447272,13.422,0.001414213562373095,R,Leonard,-16.918,75.79999999999923
137,51570.485631999996,13.512,0.001414213562373095,R,Leonard,-16.828,89.79999999999788
138,51576.502071999996,13.602,0.001414213562373095,R,Leonard,-16.738,95.7999999999973
139,51581.515772,13.682,0.001414213562373095,R,Leonard,-16.658,100.80000000000045
140,51604.578792,14.952,0.001414213562373095,R,Leonard,-15.388,123.80000000000186
141,51607.587011999996,15.182,0.001414213562373095,R,Leonard,-15.158,126.79999999999795
142,51614.505917999995,15.312000000000001,0.001414213562373095,R,Leonard,-15.027999999999999,133.69999999999692
143,51619.519618,15.332,0.001414213562373095,R,Leonard,-15.008,138.70000000000007
144,51624.533318,15.322000000000001,0.001414213562373095,R,Leonard,-15.017999999999999,143.7000000000032
145,51629.647292,15.382000000000001,0.001414213562373095,R,Leonard,-14.957999999999998,148.80000000000308
146,51637.669212,15.522,0.001414213562373095,R,Leonard,-14.818,156.8000000000023
147,51481.44232,13.589,0.001414213562373095,I,Leonard,-16.750999999999998,1.0000000000035316
148,51482.44506,13.519,0.001414213562373095,I,Leonard,-16.820999999999998,1.9999999999998073
149,51483.4478,13.499,0.001414213562373095,I,Leonard,-16.841,3.000000000003339
150,51484.45054,13.499,0.001414213562373095,I,Leonard,-16.841,3.9999999999996145
151,51485.45328,13.479,0.001414213562373095,I,Leonard,-16.861,5.000000000003147
152,51487.45876,13.469,0.001414213562373095,I,Leonard,-16.871000000000002,7.000000000002954
153,51488.4615,13.439,0.001414213562373095,I,Leonard,-16.901,7.999999999999229
154,51489.46424,13.449,0.001414213562373095,I,Leonard,-16.891,9.00000000000276
155,51491.46972,13.419,0.001414213562373095,I,Leonard,-16.921,11.000000000002569
156,51493.4752,13.379,0.001414213562373095,I,Leonard,-16.961,13.000000000002375
157,51494.47794,13.369,0.001414213562373095,I,Leonard,-16.971,13.999999999998652
158,51495.48068,13.359,0.001414213562373095,I,Leonard,-16.981,15.000000000002183
159,51496.48342,13.379,0.001414213562373095,I,Leonard,-16.961,15.999999999998458
160,51498.4889,13.379,0.001414213562373095,I,Leonard,-16.961,17.999999999998266
161,51501.49712,13.339,0.001414213562373095,I,Leonard,-17.000999999999998,21.000000000001606
162,51508.516299999996,13.289,0.001414213562373095,I,Leonard,-17.051000000000002,27.999999999997303
163,51510.521779999995,13.289,0.001414213562373095,I,Leonard,-17.051000000000002,29.99999999999711
164,51514.532739999995,13.249,0.001414213562373095,I,Leonard,-17.091,33.999999999996724
165,51516.538219999995,13.229,0.001414213562373095,I,Leonard,-17.111,35.99999999999653
166,51518.5437,13.229,0.001414213562373095,I,Leonard,-17.111,38.000000000003595
167,51520.448906,13.219,0.001414213562373095,I,Leonard,-17.121000000000002,39.89999999999942
168,51523.457126,13.159,0.001414213562373095,I,Leonard,-17.180999999999997,42.90000000000276
169,51526.465346,13.169,0.001414213562373095,I,Leonard,-17.171,45.89999999999884
170,51527.468086,13.159,0.001414213562373095,I,Leonard,-17.180999999999997,46.90000000000238
171,51530.476306,13.149000000000001,0.001414213562373095,I,Leonard,-17.191,49.89999999999846
172,51541.506446,13.129,0.001414213562373095,I,Leonard,-17.211,60.90000000000103
173,51546.520145999995,13.109,0.001414213562373095,I,Leonard,-17.231,65.89999999999692
174,51551.433572,13.159,0.001414213562373095,I,Leonard,-17.180999999999997,70.80000000000334
175,51556.447272,13.159,0.001414213562373095,I,Leonard,-17.180999999999997,75.79999999999923
176,51558.452752,13.169,0.001414213562373095,I,Leonard,-17.171,77.79999999999903
177,51570.485631999996,13.249,0.001414213562373095,I,Leonard,-17.091,89.79999999999788
178,51576.502071999996,13.319,0.001414213562373095,I,Leonard,-17.021,95.7999999999973
179,51581.515772,13.399000000000001,0.001414213562373095,I,Leonard,-16.941,100.80000000000045
180,51614.505917999995,14.869,0.001414213562373095,I,Leonard,-15.471,133.69999999999692
181,51619.519618,14.869,0.001414213562373095,I,Leonard,-15.471,138.70000000000007
182,51624.533318,14.869,0.001414213562373095,I,Leonard,-15.471,143.7000000000032
183,51629.647292,14.949,0.001414213562373095,I,Leonard,-15.391,148.80000000000308
184,51637.669212,15.049,0.001414213562373095,I,Leonard,-15.291,156.8000000000023
