,mjd,mag,dmag,filter,source,abs_mag,t_from_discovery
0,,,,,,-7.94089747,
,57887.99,13.27,0.028,B,Konkoly,-17.4158974695916,1.99
,57889.83,13.202,0.032,B,Konkoly,-17.4838974695916,3.83
,57890.84,13.156,0.03,B,Konkoly,-17.5298974695916,4.84
,57892,13.204,0.045,B,Konkoly,-17.4818974695916,6
,57892.98,13.186,0.022,B,Konkoly,-17.4998974695916,6.98
,57894.95,13.17,0.014,B,Konkoly,-17.5158974695916,8.95
,57897.9,13.28,0.018,B,Konkoly,-17.4058974695916,11.9
,57898.96,13.305,0.021,B,Konkoly,-17.3808974695916,12.96
,57900.9,13.405,0.026,B,Konkoly,-17.2808974695916,14.9
,57901.9,13.431,0.026,B,Konkoly,-17.2548974695916,15.9
,57902.9,13.475,0.026,B,Konkoly,-17.2108974695916,16.9
,57904.9,13.531,0.028,B,Konkoly,-17.1548974695916,18.9
,57905.9,13.559,0.007,B,Konkoly,-17.1268974695916,19.9
,57906.9,13.623,0.006,B,Konkoly,-17.0628974695916,20.9
,57907.9,13.628,0.008,B,Konkoly,-17.0578974695916,21.9
,57909.9,13.765,0.008,B,Konkoly,-16.9208974695916,23.9
,57912.9,13.919,0.01,B,Konkoly,-16.7668974695916,26.9
,57913.9,13.905,0.01,B,Konkoly,-16.7808974695916,27.9
,57915,13.964,0.008,B,Konkoly,-16.7218974695916,29
,57915.9,14.006,0.008,B,Konkoly,-16.6798974695916,29.9
,57916.9,14.054,0.011,B,Konkoly,-16.6318974695916,30.9
,57917.9,14.07,0.009,B,Konkoly,-16.6158974695916,31.9
,57918.94,14.135,0.063,B,Konkoly,-16.5508974695916,32.94
,57919.99,14.116,0.008,B,Konkoly,-16.5698974695916,33.99
,57922,14.197,0.011,B,Konkoly,-16.4888974695916,36
,57924,14.252,0.008,B,Konkoly,-16.4338974695916,38
,57925.95,14.301,0.01,B,Konkoly,-16.3848974695916,39.95
,57927.9,14.327,0.009,B,Konkoly,-16.3588974695916,41.9
,57929.02,14.375,0.01,B,Konkoly,-16.3108974695916,43.02
,57931,14.425,0.054,B,Konkoly,-16.2608974695916,45
,57937.86,14.486,0.023,B,Konkoly,-16.1998974695916,51.86
,57940.9,14.558,0.038,B,Konkoly,-16.1278974695916,54.9
,57942.91,14.563,0.044,B,Konkoly,-16.1228974695916,56.91
,57945.9,14.605,0.07,B,Konkoly,-16.0808974695916,59.9
,57947.9,14.595,0.059,B,Konkoly,-16.0908974695916,61.9
,57951.92,14.632,0.03,B,Konkoly,-16.0538974695916,65.92
,57952.9,14.627,0.01,B,Konkoly,-16.0588974695916,66.9
,57956.9,14.717,0.046,B,Konkoly,-15.9688974695916,70.9
,57957.94,14.723,0.063,B,Konkoly,-15.9628974695916,71.94
,57959.87,14.738,0.055,B,Konkoly,-15.9478974695916,73.87
,57961.96,14.77,0.023,B,Konkoly,-15.9158974695916,75.96
,57962.86,14.81,0.037,B,Konkoly,-15.8758974695916,76.86
,57964.86,14.797,0.008,B,Konkoly,-15.8888974695916,78.86
,57965.94,14.818,0.008,B,Konkoly,-15.8678974695916,79.94
,57966.92,14.821,0.008,B,Konkoly,-15.8648974695916,80.92
,57967.87,14.858,0.062,B,Konkoly,-15.8278974695916,81.87
,57968.88,14.888,0.025,B,Konkoly,-15.7978974695916,82.88
,57970.89,14.905,0.064,B,Konkoly,-15.7808974695916,84.89
,57972.88,14.961,0.038,B,Konkoly,-15.7248974695916,86.88
,57973.86,14.977,0.046,B,Konkoly,-15.7088974695916,87.86
,57974.86,14.989,0.041,B,Konkoly,-15.6968974695916,88.86
,57976,15.011,0.046,B,Konkoly,-15.6748974695916,90
,57980.02,15.117,0.041,B,Konkoly,-15.5688974695916,94.02
,57982.84,15.192,0.031,B,Konkoly,-15.4938974695916,96.84
,57983.85,15.229,0.032,B,Konkoly,-15.4568974695916,97.85
,57986.86,15.34,0.034,B,Konkoly,-15.3458974695916,100.86
,57987.92,15.337,0.012,B,Konkoly,-15.3488974695916,101.92
,57988.84,15.418,0.032,B,Konkoly,-15.2678974695916,102.84
,57993.81,15.647,0.042,B,Konkoly,-15.0388974695916,107.81
,57994.88,15.768,0.059,B,Konkoly,-14.9178974695916,108.88
,57995.88,15.818,0.058,B,Konkoly,-14.8678974695916,109.88
,58000.83,16.202,0.068,B,Konkoly,-14.4838974695916,114.83
,58006.81,16.88,0.056,B,Konkoly,-13.8058974695916,120.81
,58011.8,17.385,0.048,B,Konkoly,-13.3008974695916,125.8
,58022.92,17.779,0.048,B,Konkoly,-12.9068974695916,136.92
,58023.92,17.54,0.037,B,Konkoly,-13.1458974695916,137.92
,58024.82,17.617,0.037,B,Konkoly,-13.0688974695916,138.82
,58025.8,17.564,0.041,B,Konkoly,-13.1218974695916,139.8
,58026.88,17.672,0.015,B,Konkoly,-13.0138974695916,140.88
,58027.83,17.648,0.022,B,Konkoly,-13.0378974695916,141.83
,58032.75,17.615,0.025,B,Konkoly,-13.0708974695916,146.75
,58035.75,17.661,0.019,B,Konkoly,-13.0248974695916,149.75
,58040.81,17.684,0.044,B,Konkoly,-13.0018974695916,154.81
,58041.84,17.679,0.012,B,Konkoly,-13.0068974695916,155.84
,58044.79,17.678,0.056,B,Konkoly,-13.0078974695916,158.79
,58046.72,17.798,0.035,B,Konkoly,-12.8878974695916,160.72
,58050.7,17.771,0.047,B,Konkoly,-12.9148974695916,164.7
,58055.95,17.768,0.038,B,Konkoly,-12.9178974695916,169.95
,58063.89,17.901,0.018,B,Konkoly,-12.7848974695916,177.89
,58064.81,17.841,0.031,B,Konkoly,-12.8448974695916,178.81
,58075.8,17.874,0.072,B,Konkoly,-12.8118974695916,189.8
,58094.79,18.083,0.054,B,Konkoly,-12.6028974695916,208.79
,58182.12,18.659,0.077,B,Konkoly,-12.0268974695916,296.12
,57887.99,13.066,0.022,V,Konkoly,-17.3158974695916,1.99
,57889.83,12.886,0.031,V,Konkoly,-17.4958974695916,3.83
,57890.84,12.843,0.026,V,Konkoly,-17.5388974695916,4.84
,57892,12.848,0.04,V,Konkoly,-17.5338974695916,6
,57892.98,12.796,0.024,V,Konkoly,-17.5858974695916,6.98
,57894.95,12.83,0.021,V,Konkoly,-17.5518974695916,8.95
,57897.9,12.885,0.019,V,Konkoly,-17.4968974695916,11.9
,57898.96,12.915,0.021,V,Konkoly,-17.4668974695916,12.96
,57900.9,12.957,0.026,V,Konkoly,-17.4248974695916,14.9
,57901.9,12.951,0.026,V,Konkoly,-17.4308974695916,15.9
,57902.9,12.983,0.026,V,Konkoly,-17.3988974695916,16.9
,57904.9,12.976,0.027,V,Konkoly,-17.4058974695916,18.9
,57905.9,12.959,0.006,V,Konkoly,-17.4228974695916,19.9
,57906.9,12.962,0.006,V,Konkoly,-17.4198974695916,20.9
,57907.9,12.979,0.007,V,Konkoly,-17.4028974695916,21.9
,57909.9,12.989,0.007,V,Konkoly,-17.3928974695916,23.9
,57912.9,13.011,0.007,V,Konkoly,-17.3708974695916,26.9
,57913.9,13.049,0.007,V,Konkoly,-17.3328974695916,27.9
,57915,13.066,0.006,V,Konkoly,-17.3158974695916,29
,57915.9,13.071,0.006,V,Konkoly,-17.3108974695916,29.9
,57916.9,13.087,0.008,V,Konkoly,-17.2948974695916,30.9
,57917.9,13.105,0.007,V,Konkoly,-17.2768974695916,31.9
,57918.94,13.109,0.035,V,Konkoly,-17.2728974695916,32.94
,57919.99,13.123,0.006,V,Konkoly,-17.2588974695916,33.99
,57922,13.106,0.01,V,Konkoly,-17.2758974695916,36
,57924,13.187,0.006,V,Konkoly,-17.1948974695916,38
,57925.95,13.176,0.006,V,Konkoly,-17.2058974695916,39.95
,57927.9,13.194,0.008,V,Konkoly,-17.1878974695916,41.9
,57929.02,13.199,0.007,V,Konkoly,-17.1828974695916,43.02
,57931,13.209,0.039,V,Konkoly,-17.1728974695916,45
,57937.86,13.23,0.022,V,Konkoly,-17.1518974695916,51.86
,57940.9,13.222,0.028,V,Konkoly,-17.1598974695916,54.9
,57942.91,13.229,0.039,V,Konkoly,-17.1528974695916,56.91
,57945.9,13.231,0.03,V,Konkoly,-17.1508974695916,59.9
,57947.9,13.24,0.027,V,Konkoly,-17.1418974695916,61.9
,57951.92,13.262,0.02,V,Konkoly,-17.1198974695916,65.92
,57952.9,13.27,0.007,V,Konkoly,-17.1118974695916,66.9
,57956.9,13.297,0.038,V,Konkoly,-17.0848974695916,70.9
,57957.94,13.3,0.041,V,Konkoly,-17.0818974695916,71.94
,57959.87,13.299,0.035,V,Konkoly,-17.0828974695916,73.87
,57961.96,13.292,0.02,V,Konkoly,-17.0898974695916,75.96
,57962.86,13.297,0.033,V,Konkoly,-17.0848974695916,76.86
,57964.86,13.325,0.005,V,Konkoly,-17.0568974695916,78.86
,57965.94,13.333,0.005,V,Konkoly,-17.0488974695916,79.94
,57966.92,13.332,0.005,V,Konkoly,-17.0498974695916,80.92
,57967.87,13.376,0.032,V,Konkoly,-17.0058974695916,81.87
,57968.88,13.356,0.026,V,Konkoly,-17.0258974695916,82.88
,57970.89,13.382,0.033,V,Konkoly,-16.9998974695916,84.89
,57972.88,13.417,0.021,V,Konkoly,-16.9648974695916,86.88
,57973.86,13.41,0.025,V,Konkoly,-16.9718974695916,87.86
,57974.86,13.422,0.03,V,Konkoly,-16.9598974695916,88.86
,57976,13.422,0.016,V,Konkoly,-16.9598974695916,90
,57980.02,13.523,0.032,V,Konkoly,-16.8588974695916,94.02
,57982.84,13.555,0.028,V,Konkoly,-16.8268974695916,96.84
,57983.85,13.583,0.019,V,Konkoly,-16.7988974695916,97.85
,57986.86,13.648,0.019,V,Konkoly,-16.7338974695916,100.86
,57987.92,13.694,0.007,V,Konkoly,-16.6878974695916,101.92
,57988.84,13.718,0.024,V,Konkoly,-16.6638974695916,102.84
,57993.81,13.925,0.024,V,Konkoly,-16.4568974695916,107.81
,57994.88,13.98,0.044,V,Konkoly,-16.4018974695916,108.88
,57995.88,14.051,0.043,V,Konkoly,-16.3308974695916,109.88
,58000.83,14.384,0.03,V,Konkoly,-15.9978974695916,114.83
,58006.81,15.084,0.032,V,Konkoly,-15.2978974695916,120.81
,58011.8,15.53,0.027,V,Konkoly,-14.8518974695916,125.8
,58022.92,15.679,0.031,V,Konkoly,-14.7028974695916,136.92
,58023.92,15.698,0.029,V,Konkoly,-14.6838974695916,137.92
,58024.82,15.725,0.026,V,Konkoly,-14.6568974695916,138.82
,58025.8,15.754,0.021,V,Konkoly,-14.6278974695916,139.8
,58026.88,15.761,0.011,V,Konkoly,-14.6208974695916,140.88
,58027.83,15.816,0.009,V,Konkoly,-14.5658974695916,141.83
,58032.75,15.809,0.024,V,Konkoly,-14.5728974695916,146.75
,58035.75,15.886,0.009,V,Konkoly,-14.4958974695916,149.75
,58040.81,15.899,0.025,V,Konkoly,-14.4828974695916,154.81
,58041.84,15.916,0.013,V,Konkoly,-14.4658974695916,155.84
,58044.79,15.906,0.027,V,Konkoly,-14.4758974695916,158.79
,58046.72,15.944,0.025,V,Konkoly,-14.4378974695916,160.72
,58050.7,15.973,0.024,V,Konkoly,-14.4088974695916,164.7
,58055.95,16.069,0.026,V,Konkoly,-14.3128974695916,169.95
,58063.89,16.131,0.015,V,Konkoly,-14.2508974695916,177.89
,58064.81,16.139,0.023,V,Konkoly,-14.2428974695916,178.81
,58075.8,16.221,0.031,V,Konkoly,-14.1608974695916,189.8
,58094.79,16.407,0.03,V,Konkoly,-13.9748974695916,208.79
,58182.12,17.33,0.046,V,Konkoly,-13.0518974695916,296.12
,57887.99,12.812,0.016,R,Konkoly,-17.3728974695916,1.99
,57889.83,12.567,0.026,R,Konkoly,-17.6178974695916,3.83
,57890.84,12.488,0.047,R,Konkoly,-17.6968974695916,4.84
,57892,12.448,0.033,R,Konkoly,-17.7368974695916,6
,57892.98,12.405,0.028,R,Konkoly,-17.7798974695916,6.98
,57894.95,12.398,0.034,R,Konkoly,-17.7868974695916,8.95
,57897.9,12.46,0.016,R,Konkoly,-17.7248974695916,11.9
,57898.96,12.47,0.028,R,Konkoly,-17.7148974695916,12.96
,57900.9,12.49,0.024,R,Konkoly,-17.6948974695916,14.9
,57901.9,12.502,0.024,R,Konkoly,-17.6828974695916,15.9
,57902.9,12.508,0.025,R,Konkoly,-17.6768974695916,16.9
,57904.9,12.507,0.025,R,Konkoly,-17.6778974695916,18.9
,57905.9,12.491,0.005,R,Konkoly,-17.6938974695916,19.9
,57906.9,12.49,0.004,R,Konkoly,-17.6948974695916,20.9
,57907.9,12.494,0.005,R,Konkoly,-17.6908974695916,21.9
,57909.9,12.491,0.005,R,Konkoly,-17.6938974695916,23.9
,57912.9,12.522,0.005,R,Konkoly,-17.6628974695916,26.9
,57913.9,12.538,0.005,R,Konkoly,-17.6468974695916,27.9
,57915,12.547,0.005,R,Konkoly,-17.6378974695916,29
,57915.9,12.557,0.005,R,Konkoly,-17.6278974695916,29.9
,57916.9,12.561,0.006,R,Konkoly,-17.6238974695916,30.9
,57917.9,12.566,0.005,R,Konkoly,-17.6188974695916,31.9
,57918.94,12.569,0.036,R,Konkoly,-17.6158974695916,32.94
,57919.99,12.59,0.004,R,Konkoly,-17.5948974695916,33.99
,57922,12.603,0.007,R,Konkoly,-17.5818974695916,36
,57924,12.61,0.005,R,Konkoly,-17.5748974695916,38
,57925.95,12.62,0.005,R,Konkoly,-17.5648974695916,39.95
,57927.9,12.62,0.005,R,Konkoly,-17.5648974695916,41.9
,57929.02,12.622,0.005,R,Konkoly,-17.5628974695916,43.02
,57931,12.611,0.022,R,Konkoly,-17.5738974695916,45
,57937.86,12.628,0.015,R,Konkoly,-17.5568974695916,51.86
,57940.9,12.622,0.02,R,Konkoly,-17.5628974695916,54.9
,57942.91,12.617,0.023,R,Konkoly,-17.5678974695916,56.91
,57945.9,12.627,0.027,R,Konkoly,-17.5578974695916,59.9
,57947.9,12.627,0.033,R,Konkoly,-17.5578974695916,61.9
,57951.92,12.638,0.01,R,Konkoly,-17.5468974695916,65.92
,57952.9,12.637,0.005,R,Konkoly,-17.5478974695916,66.9
,57956.9,12.626,0.031,R,Konkoly,-17.5588974695916,70.9
,57957.94,12.655,0.034,R,Konkoly,-17.5298974695916,71.94
,57959.87,12.643,0.033,R,Konkoly,-17.5418974695916,73.87
,57961.96,12.626,0.023,R,Konkoly,-17.5588974695916,75.96
,57962.86,12.636,0.029,R,Konkoly,-17.5488974695916,76.86
,57964.86,12.657,0.003,R,Konkoly,-17.5278974695916,78.86
,57965.94,12.675,0.003,R,Konkoly,-17.5098974695916,79.94
,57966.92,12.669,0.003,R,Konkoly,-17.5158974695916,80.92
,57967.87,12.66,0.034,R,Konkoly,-17.5248974695916,81.87
,57968.88,12.658,0.027,R,Konkoly,-17.5268974695916,82.88
,57970.89,12.693,0.025,R,Konkoly,-17.4918974695916,84.89
,57972.88,12.692,0.014,R,Konkoly,-17.4928974695916,86.88
,57973.86,12.692,0.022,R,Konkoly,-17.4928974695916,87.86
,57974.86,12.716,0.018,R,Konkoly,-17.4688974695916,88.86
,57976,12.727,0.024,R,Konkoly,-17.4578974695916,90
,57980.02,12.766,0.028,R,Konkoly,-17.4188974695916,94.02
,57982.84,12.778,0.029,R,Konkoly,-17.4068974695916,96.84
,57983.85,12.813,0.029,R,Konkoly,-17.3718974695916,97.85
,57986.86,12.874,0.019,R,Konkoly,-17.3108974695916,100.86
,57987.92,12.909,0.004,R,Konkoly,-17.2758974695916,101.92
,57988.84,12.923,0.023,R,Konkoly,-17.2618974695916,102.84
,57993.81,13.088,0.02,R,Konkoly,-17.0968974695916,107.81
,57994.88,13.136,0.031,R,Konkoly,-17.0488974695916,108.88
,57995.88,13.178,0.022,R,Konkoly,-17.0068974695916,109.88
,58000.83,13.47,0.016,R,Konkoly,-16.7148974695916,114.83
,58006.81,14.051,0.035,R,Konkoly,-16.1338974695916,120.81
,58011.8,14.434,0.019,R,Konkoly,-15.7508974695916,125.8
,58022.92,14.561,0.019,R,Konkoly,-15.6238974695916,136.92
,58023.92,14.603,0.03,R,Konkoly,-15.5818974695916,137.92
,58024.82,14.617,0.022,R,Konkoly,-15.5678974695916,138.82
,58025.8,14.62,0.024,R,Konkoly,-15.5648974695916,139.8
,58026.88,14.655,0.015,R,Konkoly,-15.5298974695916,140.88
,58027.83,14.677,0.019,R,Konkoly,-15.5078974695916,141.83
,58032.75,14.695,0.008,R,Konkoly,-15.4898974695916,146.75
,58035.75,14.736,0.011,R,Konkoly,-15.4488974695916,149.75
,58040.81,14.818,0.026,R,Konkoly,-15.3668974695916,154.81
,58041.84,14.781,0.011,R,Konkoly,-15.4038974695916,155.84
,58044.79,14.828,0.029,R,Konkoly,-15.3568974695916,158.79
,58046.72,14.815,0.025,R,Konkoly,-15.3698974695916,160.72
,58050.7,14.884,0.017,R,Konkoly,-15.3008974695916,164.7
,58055.95,14.871,0.017,R,Konkoly,-15.3138974695916,169.95
,58063.89,14.964,0.01,R,Konkoly,-15.2208974695916,177.89
,58064.81,14.948,0.006,R,Konkoly,-15.2368974695916,178.81
,58075.8,15.11,0.031,R,Konkoly,-15.0748974695916,189.8
,58094.79,15.235,0.025,R,Konkoly,-14.9498974695916,208.79
,58182.12,16.191,0.031,R,Konkoly,-13.9938974695916,296.12
,57887.99,12.629,0.013,I,Konkoly,-17.3288974695916,1.99
,57889.83,12.34,0.012,I,Konkoly,-17.6178974695916,3.83
,57890.84,12.237,0.048,I,Konkoly,-17.7208974695916,4.84
,57892,12.184,0.026,I,Konkoly,-17.7738974695916,6
,57892.98,12.165,0.023,I,Konkoly,-17.7928974695916,6.98
,57894.95,12.165,0.019,I,Konkoly,-17.7928974695916,8.95
,57897.9,12.224,0.017,I,Konkoly,-17.7338974695916,11.9
,57898.96,12.245,0.016,I,Konkoly,-17.7128974695916,12.96
,57900.9,12.294,0.025,I,Konkoly,-17.6638974695916,14.9
,57901.9,12.294,0.025,I,Konkoly,-17.6638974695916,15.9
,57902.9,12.286,0.025,I,Konkoly,-17.6718974695916,16.9
,57904.9,12.277,0.026,I,Konkoly,-17.6808974695916,18.9
,57905.9,12.262,0.005,I,Konkoly,-17.6958974695916,19.9
,57906.9,12.263,0.005,I,Konkoly,-17.6948974695916,20.9
,57907.9,12.257,0.005,I,Konkoly,-17.7008974695916,21.9
,57909.9,12.254,0.006,I,Konkoly,-17.7038974695916,23.9
,57912.9,12.286,0.006,I,Konkoly,-17.6718974695916,26.9
,57913.9,12.258,0.005,I,Konkoly,-17.6998974695916,27.9
,57915,12.286,0.005,I,Konkoly,-17.6718974695916,29
,57915.9,12.269,0.005,I,Konkoly,-17.6888974695916,29.9
,57916.9,12.272,0.006,I,Konkoly,-17.6858974695916,30.9
,57917.9,12.279,0.005,I,Konkoly,-17.6788974695916,31.9
,57918.94,12.275,0.035,I,Konkoly,-17.6828974695916,32.94
,57919.99,12.274,0.005,I,Konkoly,-17.6838974695916,33.99
,57922,12.3,0.008,I,Konkoly,-17.6578974695916,36
,57924,12.297,0.005,I,Konkoly,-17.6608974695916,38
,57925.95,12.277,0.005,I,Konkoly,-17.6808974695916,39.95
,57927.9,12.286,0.006,I,Konkoly,-17.6718974695916,41.9
,57929.02,12.281,0.005,I,Konkoly,-17.6768974695916,43.02
,57931,12.258,0.024,I,Konkoly,-17.6998974695916,45
,57937.86,12.261,0.023,I,Konkoly,-17.6968974695916,51.86
,57940.9,12.239,0.02,I,Konkoly,-17.7188974695916,54.9
,57942.91,12.245,0.021,I,Konkoly,-17.7128974695916,56.91
,57945.9,12.238,0.034,I,Konkoly,-17.7198974695916,59.9
,57947.9,12.24,0.031,I,Konkoly,-17.7178974695916,61.9
,57951.92,12.235,0.01,I,Konkoly,-17.7228974695916,65.92
,57952.9,12.235,0.005,I,Konkoly,-17.7228974695916,66.9
,57956.9,12.235,0.024,I,Konkoly,-17.7228974695916,70.9
,57957.94,12.231,0.028,I,Konkoly,-17.7268974695916,71.94
,57959.87,12.238,0.028,I,Konkoly,-17.7198974695916,73.87
,57961.96,12.226,0.018,I,Konkoly,-17.7318974695916,75.96
,57962.86,12.233,0.019,I,Konkoly,-17.7248974695916,76.86
,57964.86,12.252,0.004,I,Konkoly,-17.7058974695916,78.86
,57965.94,12.245,0.004,I,Konkoly,-17.7128974695916,79.94
,57966.92,12.257,0.004,I,Konkoly,-17.7008974695916,80.92
,57967.87,12.257,0.019,I,Konkoly,-17.7008974695916,81.87
,57968.88,12.235,0.039,I,Konkoly,-17.7228974695916,82.88
,57970.89,12.268,0.022,I,Konkoly,-17.6898974695916,84.89
,57972.88,12.282,0.02,I,Konkoly,-17.6758974695916,86.88
,57973.86,12.278,0.02,I,Konkoly,-17.6798974695916,87.86
,57974.86,12.291,0.025,I,Konkoly,-17.6668974695916,88.86
,57976,12.294,0.014,I,Konkoly,-17.6638974695916,90
,57980.02,12.349,0.03,I,Konkoly,-17.6088974695916,94.02
,57982.84,12.367,0.021,I,Konkoly,-17.5908974695916,96.84
,57983.85,12.383,0.023,I,Konkoly,-17.5748974695916,97.85
,57986.86,12.437,0.016,I,Konkoly,-17.5208974695916,100.86
,57987.92,12.466,0.004,I,Konkoly,-17.4918974695916,101.92
,57988.84,12.484,0.021,I,Konkoly,-17.4738974695916,102.84
,57993.81,12.622,0.025,I,Konkoly,-17.3358974695916,107.81
,57994.88,12.673,0.033,I,Konkoly,-17.2848974695916,108.88
,57995.88,12.7,0.018,I,Konkoly,-17.2578974695916,109.88
,58000.83,12.963,0.048,I,Konkoly,-16.9948974695916,114.83
,58006.81,13.505,0.025,I,Konkoly,-16.4528974695916,120.81
,58011.8,13.858,0.02,I,Konkoly,-16.0998974695916,125.8
,58022.92,14.024,0.011,I,Konkoly,-15.9338974695916,136.92
,58023.92,14.048,0.019,I,Konkoly,-15.9098974695916,137.92
,58024.82,14.049,0.019,I,Konkoly,-15.9088974695916,138.82
,58025.8,14.053,0.021,I,Konkoly,-15.9048974695916,139.8
,58026.88,14.048,0.012,I,Konkoly,-15.9098974695916,140.88
,58027.83,14.076,0.013,I,Konkoly,-15.8818974695916,141.83
,58032.75,14.099,0.006,I,Konkoly,-15.8588974695916,146.75
,58035.75,14.143,0.013,I,Konkoly,-15.8148974695916,149.75
,58040.81,14.211,0.02,I,Konkoly,-15.7468974695916,154.81
,58041.84,14.181,0.011,I,Konkoly,-15.7768974695916,155.84
,58044.79,14.217,0.022,I,Konkoly,-15.7408974695916,158.79
,58046.72,14.258,0.015,I,Konkoly,-15.6998974695916,160.72
,58050.7,14.276,0.021,I,Konkoly,-15.6818974695916,164.7
,58055.95,14.314,0.023,I,Konkoly,-15.6438974695916,169.95
,58063.89,14.364,0.008,I,Konkoly,-15.5938974695916,177.89
,58064.81,14.368,0.006,I,Konkoly,-15.5898974695916,178.81
,58075.8,14.729,0.064,I,Konkoly,-15.2288974695916,189.8
,58094.79,14.674,0.028,I,Konkoly,-15.2838974695916,208.79
,58182.12,15.62,0.027,I,Konkoly,-14.3378974695916,296.12
,57888.85,12.523,0.014,U,LCO,-18.4058974695916,2.85
,57891.93,12.431,0.012,U,LCO,-18.4978974695916,5.93
,57893.82,12.394,0.025,U,LCO,-18.5348974695916,7.82
,57896.89,12.467,0.018,U,LCO,-18.4618974695916,10.89
,57898.83,12.655,0.017,U,LCO,-18.2738974695916,12.83
,57902.81,12.886,0.012,U,LCO,-18.0428974695916,16.81
,57907.86,13.344,0.013,U,LCO,-17.5848974695916,21.86
,57908.87,13.491,0.035,U,LCO,-17.4378974695916,22.87
,57909.85,13.601,0.034,U,LCO,-17.3278974695916,23.85
,57928.79,14.879,0.03,U,LCO,-16.0498974695916,42.79
,57934.82,15.146,0.03,U,LCO,-15.7828974695916,48.82
,57940.84,15.426,0.019,U,LCO,-15.5028974695916,54.84
,57944.8,15.493,0.018,U,LCO,-15.4358974695916,58.8
,57945.84,15.522,0.023,U,LCO,-15.4068974695916,59.84
,57961.83,16.014,0.051,U,LCO,-14.9148974695916,75.83
,57971.87,16.425,0.047,U,LCO,-14.5038974695916,85.87
,57972.83,16.392,0.037,U,LCO,-14.5368974695916,86.83
,57976.8,16.641,0.016,U,LCO,-14.2878974695916,90.8
,57995.81,17.756,0.028,U,LCO,-13.1728974695916,109.81
,57888.85,13.222,0.012,B,LCO,-17.4638974695916,2.85
,57889.91,13.198,0.011,B,LCO,-17.4878974695916,3.91
,57891.93,13.148,0.019,B,LCO,-17.5378974695916,5.93
,57893.82,13.128,0.007,B,LCO,-17.5578974695916,7.82
,57895.91,13.146,0.009,B,LCO,-17.5398974695916,9.91
,57896.89,13.173,0.014,B,LCO,-17.5128974695916,10.89
,57897.81,13.229,0.012,B,LCO,-17.4568974695916,11.81
,57898.83,13.257,0.017,B,LCO,-17.4288974695916,12.83
,57902.81,13.374,0.038,B,LCO,-17.3118974695916,16.81
,57906.82,13.476,0.022,B,LCO,-17.2098974695916,20.82
,57907.86,13.536,0.019,B,LCO,-17.1498974695916,21.86
,57908.87,13.581,0.02,B,LCO,-17.1048974695916,22.87
,57909.85,13.638,0.011,B,LCO,-17.0478974695916,23.85
,57917.84,13.981,0.014,B,LCO,-16.7048974695916,31.84
,57928.79,14.281,0.017,B,LCO,-16.4048974695916,42.79
,57934.82,14.373,0.026,B,LCO,-16.3128974695916,48.82
,57940.84,14.447,0.012,B,LCO,-16.2388974695916,54.84
,57944.8,14.513,0.015,B,LCO,-16.1728974695916,58.8
,57945.84,14.543,0.016,B,LCO,-16.1428974695916,59.84
,57961.83,14.699,0.018,B,LCO,-15.9868974695916,75.83
,57965.93,14.834,0.054,B,LCO,-15.8518974695916,79.93
,57971.87,14.902,0.016,B,LCO,-15.7838974695916,85.87
,57972.83,14.902,0.014,B,LCO,-15.7838974695916,86.83
,57976.8,15.015,0.018,B,LCO,-15.6708974695916,90.8
,57995.81,15.747,0.027,B,LCO,-14.9388974695916,109.81
,58001.74,16.267,0.018,B,LCO,-14.4188974695916,115.74
,58002.84,16.375,0.039,B,LCO,-14.3108974695916,116.84
,58004.81,16.629,0.017,B,LCO,-14.0568974695916,118.81
,58005.82,16.719,0.043,B,LCO,-13.9668974695916,119.82
,58008.82,17.123,0.022,B,LCO,-13.5628974695916,122.82
,58009.8,17.247,0.028,B,LCO,-13.4388974695916,123.8
,58010.83,17.334,0.016,B,LCO,-13.3518974695916,124.83
,58018.78,17.535,0.026,B,LCO,-13.1508974695916,132.78
,58019.77,17.502,0.014,B,LCO,-13.1838974695916,133.77
,58028.75,17.611,0.023,B,LCO,-13.0748974695916,142.75
,58034.76,17.71,0.025,B,LCO,-12.9758974695916,148.76
,58035.73,17.63,0.028,B,LCO,-13.0558974695916,149.73
,58039.75,17.687,0.017,B,LCO,-12.9988974695916,153.75
,58043.73,17.703,0.013,B,LCO,-12.9828974695916,157.73
,58047.6,17.71,0.019,B,LCO,-12.9758974695916,161.6
,58051.62,17.747,0.034,B,LCO,-12.9388974695916,165.62
,58055.59,17.801,0.029,B,LCO,-12.8848974695916,169.59
,58059.66,17.824,0.023,B,LCO,-12.8618974695916,173.66
,58060.65,17.76,0.029,B,LCO,-12.9258974695916,174.65
,58071.62,17.843,0.112,B,LCO,-12.8428974695916,185.62
,58082.57,17.955,0.023,B,LCO,-12.7308974695916,196.57
,58099.57,17.997,0.022,B,LCO,-12.6888974695916,213.57
,58231.02,19.012,0.033,B,LCO,-11.6738974695916,345.02
,58246.83,19.065,0.04,B,LCO,-11.6208974695916,360.83
,58255.02,19.134,0.014,B,LCO,-11.5518974695916,369.02
,58258.81,19.18,0.023,B,LCO,-11.5058974695916,372.81
,58284.78,19.453,0.018,B,LCO,-11.2328974695916,398.78
,58292.77,19.521,0.032,B,LCO,-11.1648974695916,406.77
,58318.75,19.783,0.021,B,LCO,-10.9028974695916,432.75
,58335.9,19.976,0.059,B,LCO,-10.7098974695916,449.9
,58351.74,20.092,0.086,B,LCO,-10.5938974695916,465.74
,58374.81,20.371,0.014,B,LCO,-10.3148974695916,488.81
,58392.72,20.574,0.042,B,LCO,-10.1118974695916,506.72
,58394.63,20.631,0.023,B,LCO,-10.0548974695916,508.63
,57888.85,12.992,0.022,V,LCO,-17.3898974695916,2.85
,57889.91,12.888,0.015,V,LCO,-17.4938974695916,3.91
,57891.93,12.807,0.016,V,LCO,-17.5748974695916,5.93
,57893.82,12.774,0.015,V,LCO,-17.6078974695916,7.82
,57895.91,12.855,0.022,V,LCO,-17.5268974695916,9.91
,57896.89,12.868,0.013,V,LCO,-17.5138974695916,10.89
,57897.81,12.869,0.022,V,LCO,-17.5128974695916,11.81
,57898.83,12.888,0.011,V,LCO,-17.4938974695916,12.83
,57902.81,12.933,0.029,V,LCO,-17.4488974695916,16.81
,57906.82,12.945,0.013,V,LCO,-17.4368974695916,20.82
,57907.86,12.868,0.013,V,LCO,-17.5138974695916,21.86
,57908.87,12.924,0.011,V,LCO,-17.4578974695916,22.87
,57909.85,12.92,0.01,V,LCO,-17.4618974695916,23.85
,57910.88,12.995,0.01,V,LCO,-17.3868974695916,24.88
,57917.84,13.037,0.014,V,LCO,-17.3448974695916,31.84
,57928.79,13.169,0.015,V,LCO,-17.2128974695916,42.79
,57934.82,13.164,0.014,V,LCO,-17.2178974695916,48.82
,57940.84,13.159,0.012,V,LCO,-17.2228974695916,54.84
,57944.8,13.193,0.011,V,LCO,-17.1888974695916,58.8
,57945.84,13.185,0.014,V,LCO,-17.1968974695916,59.84
,57961.83,13.221,0.011,V,LCO,-17.1608974695916,75.83
,57971.87,13.34,0.012,V,LCO,-17.0418974695916,85.87
,57972.83,13.345,0.014,V,LCO,-17.0368974695916,86.83
,57976.8,13.408,0.019,V,LCO,-16.9738974695916,90.8
,57995.81,13.907,0.038,V,LCO,-16.4748974695916,109.81
,58001.74,14.43,0.012,V,LCO,-15.9518974695916,115.74
,58002.84,14.489,0.016,V,LCO,-15.8928974695916,116.84
,58004.81,14.768,0.022,V,LCO,-15.6138974695916,118.81
,58005.82,14.868,0.013,V,LCO,-15.5138974695916,119.82
,58008.82,15.289,0.021,V,LCO,-15.0928974695916,122.82
,58009.8,15.379,0.018,V,LCO,-15.0028974695916,123.8
,58010.83,15.395,0.011,V,LCO,-14.9868974695916,124.83
,58018.78,15.651,0.015,V,LCO,-14.7308974695916,132.78
,58019.77,15.669,0.024,V,LCO,-14.7128974695916,133.77
,58028.75,15.756,0.022,V,LCO,-14.6258974695916,142.75
,58034.76,15.823,0.037,V,LCO,-14.5588974695916,148.76
,58035.73,15.781,0.022,V,LCO,-14.6008974695916,149.73
,58039.75,15.831,0.012,V,LCO,-14.5508974695916,153.75
,58043.73,15.868,0.014,V,LCO,-14.5138974695916,157.73
,58047.6,15.929,0.013,V,LCO,-14.4528974695916,161.6
,58051.62,15.97,0.02,V,LCO,-14.4118974695916,165.62
,58055.59,16.028,0.02,V,LCO,-14.3538974695916,169.59
,58059.66,16.061,0.01,V,LCO,-14.3208974695916,173.66
,58060.65,16.032,0.01,V,LCO,-14.3498974695916,174.65
,58071.62,16.045,0.036,V,LCO,-14.3368974695916,185.62
,58082.57,16.298,0.015,V,LCO,-14.0838974695916,196.57
,58099.57,16.449,0.029,V,LCO,-13.9328974695916,213.57
,58231.02,17.819,0.014,V,LCO,-12.5628974695916,345.02
,58246.05,17.984,0.026,V,LCO,-12.3978974695916,360.05
,58246.83,17.958,0.06,V,LCO,-12.4238974695916,360.83
,58255.02,18.03,0.01,V,LCO,-12.3518974695916,369.02
,58258.81,18.086,0.011,V,LCO,-12.2958974695916,372.81
,58267.92,18.253,0.027,V,LCO,-12.1288974695916,381.92
,58284.78,18.354,0.014,V,LCO,-12.0278974695916,398.78
,58292.77,18.506,0.034,V,LCO,-11.8758974695916,406.77
,58318.75,18.784,0.011,V,LCO,-11.5978974695916,432.75
,58335.9,19.045,0.022,V,LCO,-11.3368974695916,449.9
,58351.74,19.23,0.013,V,LCO,-11.1518974695916,465.74
,58374.81,19.434,0.025,V,LCO,-10.9478974695916,488.81
,58385.76,19.659,0.028,V,LCO,-10.7228974695916,499.76
,58392.72,19.757,0.053,V,LCO,-10.6248974695916,506.72
,58394.63,19.699,0.086,V,LCO,-10.6828974695916,508.63
,58399.68,19.771,0.011,V,LCO,-10.6108974695916,513.68
,58405.74,19.959,0.116,V,LCO,-10.4228974695916,519.74
,58426.55,20.159,0.025,V,LCO,-10.2228974695916,540.55
,57888.85,12.76,0.018,g,LCO,-17.8148974695916,2.85
,57889.91,12.698,0.01,g,LCO,-17.8768974695916,3.91
,57891.93,12.653,0.018,g,LCO,-17.9218974695916,5.93
,57893.82,12.656,0.022,g,LCO,-17.9188974695916,7.82
,57895.91,12.699,0.012,g,LCO,-17.8758974695916,9.91
,57896.89,12.703,0.02,g,LCO,-17.8718974695916,10.89
,57897.81,12.731,0.011,g,LCO,-17.8438974695916,11.81
,57898.83,12.769,0.015,g,LCO,-17.8058974695916,12.83
,57902.81,12.862,0.015,g,LCO,-17.7128974695916,16.81
,57906.82,12.868,0.019,g,LCO,-17.7068974695916,20.82
,57907.86,12.911,0.032,g,LCO,-17.6638974695916,21.86
,57908.87,12.939,0.027,g,LCO,-17.6358974695916,22.87
,57909.85,12.977,0.01,g,LCO,-17.5978974695916,23.85
,57910.88,12.984,0.023,g,LCO,-17.5908974695916,24.88
,57916.89,13.178,0.011,g,LCO,-17.3968974695916,30.89
,57917.84,13.2,0.011,g,LCO,-17.3748974695916,31.84
,57928.79,13.418,0.01,g,LCO,-17.1568974695916,42.79
,57934.82,13.477,0.015,g,LCO,-17.0978974695916,48.82
,57940.84,13.448,0.01,g,LCO,-17.1268974695916,54.84
,57944.8,13.524,0.012,g,LCO,-17.0508974695916,58.8
,57945.84,13.552,0.013,g,LCO,-17.0228974695916,59.84
,57961.83,13.683,0.012,g,LCO,-16.8918974695916,75.83
,57971.87,13.789,0.013,g,LCO,-16.7858974695916,85.87
,57972.83,13.831,0.02,g,LCO,-16.7438974695916,86.83
,57976.8,13.901,0.036,g,LCO,-16.6738974695916,90.8
,57995.81,14.593,0.012,g,LCO,-15.9818974695916,109.81
,58001.74,15.095,0.028,g,LCO,-15.4798974695916,115.74
,58002.84,15.158,0.017,g,LCO,-15.4168974695916,116.84
,58004.81,15.403,0.026,g,LCO,-15.1718974695916,118.81
,58005.82,15.589,0.015,g,LCO,-14.9858974695916,119.82
,58008.82,15.935,0.036,g,LCO,-14.6398974695916,122.82
,58010.83,16.136,0.012,g,LCO,-14.4388974695916,124.83
,58018.78,16.361,0.015,g,LCO,-14.2138974695916,132.78
,58019.77,16.383,0.017,g,LCO,-14.1918974695916,133.77
,58028.75,16.444,0.015,g,LCO,-14.1308974695916,142.75
,58034.76,16.45,0.03,g,LCO,-14.1248974695916,148.76
,58035.73,16.495,0.021,g,LCO,-14.0798974695916,149.73
,58039.75,16.583,0.01,g,LCO,-13.9918974695916,153.75
,58043.73,16.588,0.013,g,LCO,-13.9868974695916,157.73
,58051.62,16.674,0.01,g,LCO,-13.9008974695916,165.62
,58055.59,16.679,0.01,g,LCO,-13.8958974695916,169.59
,58059.66,16.681,0.011,g,LCO,-13.8938974695916,173.66
,58060.65,16.679,0.018,g,LCO,-13.8958974695916,174.65
,58071.62,16.809,0.016,g,LCO,-13.7658974695916,185.62
,58082.57,16.88,0.016,g,LCO,-13.6948974695916,196.57
,58099.57,16.984,0.015,g,LCO,-13.5908974695916,213.57
,58231.02,18.064,0.013,g,LCO,-12.5108974695916,345.02
,58246.05,18.167,0.021,g,LCO,-12.4078974695916,360.05
,58246.83,18.153,0.029,g,LCO,-12.4218974695916,360.83
,58255.02,18.249,0.026,g,LCO,-12.3258974695916,369.02
,58258.81,18.326,0.022,g,LCO,-12.2488974695916,372.81
,58267.92,18.487,0.038,g,LCO,-12.0878974695916,381.92
,58284.78,18.632,0.015,g,LCO,-11.9428974695916,398.78
,58318.75,18.909,0.048,g,LCO,-11.6658974695916,432.75
,58335.9,19.204,0.033,g,LCO,-11.3708974695916,449.9
,58351.74,19.397,0.047,g,LCO,-11.1778974695916,465.74
,58374.81,19.645,0.043,g,LCO,-10.9298974695916,488.81
,58385.76,19.804,0.032,g,LCO,-10.7708974695916,499.76
,58392.72,19.875,0.015,g,LCO,-10.6998974695916,506.72
,58394.63,19.86,0.047,g,LCO,-10.7148974695916,508.63
,58399.68,19.907,0.048,g,LCO,-10.6678974695916,513.68
,58405.74,20.069,0.031,g,LCO,-10.5058974695916,519.74
,58426.55,20.405,0.021,g,LCO,-10.1698974695916,540.55
,57888.85,12.903,0.013,r,LCO,-17.3218974695916,2.85
,57889.91,12.774,0.012,r,LCO,-17.4508974695916,3.91
,57891.93,12.653,0.019,r,LCO,-17.5718974695916,5.93
,57893.82,12.591,0.024,r,LCO,-17.6338974695916,7.82
,57895.91,12.612,0.016,r,LCO,-17.6128974695916,9.91
,57896.89,12.58,0.01,r,LCO,-17.6448974695916,10.89
,57897.81,12.593,0.016,r,LCO,-17.6318974695916,11.81
,57898.83,12.613,0.012,r,LCO,-17.6118974695916,12.83
,57902.81,12.634,0.011,r,LCO,-17.5908974695916,16.81
,57906.82,12.582,0.023,r,LCO,-17.6428974695916,20.82
,57907.86,12.583,0.01,r,LCO,-17.6418974695916,21.86
,57908.87,12.597,0.011,r,LCO,-17.6278974695916,22.87
,57909.85,12.608,0.025,r,LCO,-17.6168974695916,23.85
,57910.88,12.643,0.015,r,LCO,-17.5818974695916,24.88
,57916.89,12.669,0.018,r,LCO,-17.5558974695916,30.89
,57917.84,12.673,0.018,r,LCO,-17.5518974695916,31.84
,57928.79,12.782,0.01,r,LCO,-17.4428974695916,42.79
,57934.82,12.769,0.032,r,LCO,-17.4558974695916,48.82
,57940.84,12.774,0.014,r,LCO,-17.4508974695916,54.84
,57944.8,12.791,0.008,r,LCO,-17.4338974695916,58.8
,57945.84,12.805,0.018,r,LCO,-17.4198974695916,59.84
,57961.83,12.821,0.011,r,LCO,-17.4038974695916,75.83
,57971.87,12.85,0.018,r,LCO,-17.3748974695916,85.87
,57972.83,12.875,0.013,r,LCO,-17.3498974695916,86.83
,57976.8,12.979,0.023,r,LCO,-17.2458974695916,90.8
,57995.81,13.315,0.019,r,LCO,-16.9098974695916,109.81
,58001.74,13.716,0.012,r,LCO,-16.5088974695916,115.74
,58002.84,13.777,0.018,r,LCO,-16.4478974695916,116.84
,58004.81,13.974,0.011,r,LCO,-16.2508974695916,118.81
,58005.82,14.099,0.013,r,LCO,-16.1258974695916,119.82
,58008.82,14.405,0.018,r,LCO,-15.8198974695916,122.82
,58010.83,14.597,0.015,r,LCO,-15.6278974695916,124.83
,58018.78,14.793,0.027,r,LCO,-15.4318974695916,132.78
,58019.77,14.786,0.014,r,LCO,-15.4388974695916,133.77
,58028.75,14.838,0.01,r,LCO,-15.3868974695916,142.75
,58034.76,14.9,0.018,r,LCO,-15.3248974695916,148.76
,58035.73,14.884,0.012,r,LCO,-15.3408974695916,149.73
,58039.75,14.96,0.011,r,LCO,-15.2648974695916,153.75
,58043.73,14.992,0.018,r,LCO,-15.2328974695916,157.73
,58051.62,15.038,0.02,r,LCO,-15.1868974695916,165.62
,58055.59,15.096,0.028,r,LCO,-15.1288974695916,169.59
,58059.66,15.088,0.02,r,LCO,-15.1368974695916,173.66
,58060.65,15.114,0.012,r,LCO,-15.1108974695916,174.65
,58071.62,15.132,0.028,r,LCO,-15.0928974695916,185.62
,58082.57,15.302,0.018,r,LCO,-14.9228974695916,196.57
,58099.57,15.46,0.011,r,LCO,-14.7648974695916,213.57
,58231.02,16.933,0.025,r,LCO,-13.2918974695916,345.02
,58246.05,17.136,0.019,r,LCO,-13.0888974695916,360.05
,58246.83,17.131,0.062,r,LCO,-13.0938974695916,360.83
,58255.02,17.245,0.037,r,LCO,-12.9798974695916,369.02
,58258.81,17.374,0.028,r,LCO,-12.8508974695916,372.81
,58267.92,17.466,0.034,r,LCO,-12.7588974695916,381.92
,58284.78,17.666,0.044,r,LCO,-12.5588974695916,398.78
,58292.77,17.769,0.013,r,LCO,-12.4558974695916,406.77
,58318.75,18.175,0.017,r,LCO,-12.0498974695916,432.75
,58335.9,18.381,0.019,r,LCO,-11.8438974695916,449.9
,58351.74,18.631,0.023,r,LCO,-11.5938974695916,465.74
,58374.81,18.876,0.034,r,LCO,-11.3488974695916,488.81
,58385.76,19.087,0.026,r,LCO,-11.1378974695916,499.76
,58392.72,19.233,0.014,r,LCO,-10.9918974695916,506.72
,58394.63,19.316,0.019,r,LCO,-10.9088974695916,508.63
,58405.74,19.386,0.022,r,LCO,-10.8388974695916,519.74
,58417.67,19.59,0.071,r,LCO,-10.6348974695916,531.67
,58426.55,19.711,0.036,r,LCO,-10.5138974695916,540.55
,57888.85,12.88,0.023,i,LCO,-17.1438974695916,2.85
,57889.91,12.752,0.015,i,LCO,-17.2718974695916,3.91
,57891.93,12.573,0.015,i,LCO,-17.4508974695916,5.93
,57893.82,12.5,0.012,i,LCO,-17.5238974695916,7.82
,57895.91,12.556,0.035,i,LCO,-17.4678974695916,9.91
,57896.89,12.542,0.01,i,LCO,-17.4818974695916,10.89
,57897.81,12.557,0.016,i,LCO,-17.4668974695916,11.81
,57898.83,12.583,0.018,i,LCO,-17.4408974695916,12.83
,57902.81,12.62,0.014,i,LCO,-17.4038974695916,16.81
,57906.82,12.619,0.046,i,LCO,-17.4048974695916,20.82
,57907.86,12.555,0.023,i,LCO,-17.4688974695916,21.86
,57908.87,12.535,0.018,i,LCO,-17.4888974695916,22.87
,57909.85,12.596,0.011,i,LCO,-17.4278974695916,23.85
,57910.88,12.6,0.019,i,LCO,-17.4238974695916,24.88
,57916.89,12.593,0.01,i,LCO,-17.4308974695916,30.89
,57917.84,12.586,0.012,i,LCO,-17.4378974695916,31.84
,57928.79,12.685,0.01,i,LCO,-17.3388974695916,42.79
,57934.82,12.614,0.029,i,LCO,-17.4098974695916,48.82
,57940.84,12.611,0.016,i,LCO,-17.4128974695916,54.84
,57945.84,12.606,0.025,i,LCO,-17.4178974695916,59.84
,57961.83,12.64,0.015,i,LCO,-17.3838974695916,75.83
,57971.87,12.625,0.026,i,LCO,-17.3988974695916,85.87
,57972.83,12.668,0.005,i,LCO,-17.3558974695916,86.83
,57976.8,12.716,0.013,i,LCO,-17.3078974695916,90.8
,57995.81,13.055,0.013,i,LCO,-16.9688974695916,109.81
,58001.74,13.41,0.026,i,LCO,-16.6138974695916,115.74
,58002.84,13.513,0.017,i,LCO,-16.5108974695916,116.84
,58004.81,13.678,0.016,i,LCO,-16.3458974695916,118.81
,58005.82,13.834,0.012,i,LCO,-16.1898974695916,119.82
,58008.82,14.131,0.048,i,LCO,-15.8928974695916,122.82
,58010.83,14.287,0.028,i,LCO,-15.7368974695916,124.83
,58018.78,14.481,0.013,i,LCO,-15.5428974695916,132.78
,58019.77,14.457,0.022,i,LCO,-15.5668974695916,133.77
,58028.75,14.557,0.006,i,LCO,-15.4668974695916,142.75
,58034.76,14.645,0.025,i,LCO,-15.3788974695916,148.76
,58035.73,14.668,0.021,i,LCO,-15.3558974695916,149.73
,58039.75,14.722,0.041,i,LCO,-15.3018974695916,153.75
,58043.73,14.735,0.012,i,LCO,-15.2888974695916,157.73
,58051.62,14.809,0.013,i,LCO,-15.2148974695916,165.62
,58055.59,14.833,0.014,i,LCO,-15.1908974695916,169.59
,58059.66,14.882,0.015,i,LCO,-15.1418974695916,173.66
,58060.65,14.9,0.012,i,LCO,-15.1238974695916,174.65
,58071.62,14.977,0.013,i,LCO,-15.0468974695916,185.62
,58082.57,15.132,0.02,i,LCO,-14.8918974695916,196.57
,58099.57,15.301,0.015,i,LCO,-14.7228974695916,213.57
,58231.02,16.623,0.017,i,LCO,-13.4008974695916,345.02
,58246.05,16.82,0.046,i,LCO,-13.2038974695916,360.05
,58246.83,16.793,0.018,i,LCO,-13.2308974695916,360.83
,58255.02,16.906,0.031,i,LCO,-13.1178974695916,369.02
,58258.81,16.986,0.01,i,LCO,-13.0378974695916,372.81
,58267.92,17.142,0.051,i,LCO,-12.8818974695916,381.92
,58284.78,17.345,0.041,i,LCO,-12.6788974695916,398.78
,58292.77,17.39,0.016,i,LCO,-12.6338974695916,406.77
,58318.75,17.768,0.022,i,LCO,-12.2558974695916,432.75
,58351.74,18.208,0.012,i,LCO,-11.8158974695916,465.74
,58374.81,18.673,0.026,i,LCO,-11.3508974695916,488.81
,58385.76,18.787,0.012,i,LCO,-11.2368974695916,499.76
,58392.72,18.892,0.041,i,LCO,-11.1318974695916,506.72
,58394.63,19.039,0.021,i,LCO,-10.9848974695916,508.63
,58405.74,19.215,0.075,i,LCO,-10.8088974695916,519.74
,58417.67,19.341,0.016,i,LCO,-10.6828974695916,531.67
,58426.55,19.594,0.012,i,LCO,-10.4298974695916,540.55
,57887.59,12.239,0.012,U,Swift,-18.6898974695916,1.59
,57902.08,12.884,0.019,U,Swift,-18.0448974695916,16.08
,57904.06,13.162,0.014,U,Swift,-17.7668974695916,18.06
,57906.59,13.533,0.015,U,Swift,-17.3958974695916,20.59
,57908.45,13.835,0.016,U,Swift,-17.0938974695916,22.45
,57910.18,14.075,0.017,U,Swift,-16.8538974695916,24.18
,57912.69,14.357,0.02,U,Swift,-16.5718974695916,26.69
,57914.29,14.527,0.021,U,Swift,-16.4018974695916,28.29
,57916.89,14.765,0.024,U,Swift,-16.1638974695916,30.89
,57918.82,14.965,0.032,U,Swift,-15.9638974695916,32.82
,57920.8,15.105,0.026,U,Swift,-15.8238974695916,34.8
,57949.17,16.266,0.044,U,Swift,-14.6628974695916,63.17
,57962.59,16.741,0.06,U,Swift,-14.1878974695916,76.59
,57977.93,17.252,0.102,U,Swift,-13.6768974695916,91.93
,57981.18,17.455,0.148,U,Swift,-13.4738974695916,95.18
,57990.3,17.85,0.124,U,Swift,-13.0788974695916,104.3
,58004.65,19.09,0.343,U,Swift,-11.8388974695916,118.65
,58009.43,18.912,0.466,U,Swift,-12.0168974695916,123.43
,57887.59,13.287,0.012,B,Swift,-17.3988974695916,1.59
,57902.08,13.363,0.02,B,Swift,-17.3228974695916,16.08
,57904.06,13.432,0.013,B,Swift,-17.2538974695916,18.06
,57906.59,13.513,0.014,B,Swift,-17.1728974695916,20.59
,57908.45,13.593,0.013,B,Swift,-17.0928974695916,22.45
,57910.18,13.69,0.013,B,Swift,-16.9958974695916,24.18
,57912.69,13.799,0.014,B,Swift,-16.8868974695916,26.69
,57914.29,13.889,0.014,B,Swift,-16.7968974695916,28.29
,57916.89,13.936,0.016,B,Swift,-16.7498974695916,30.89
,57918.82,14.005,0.017,B,Swift,-16.6808974695916,32.82
,57920.8,14.099,0.014,B,Swift,-16.5868974695916,34.8
,57949.17,14.574,0.015,B,Swift,-16.1118974695916,63.17
,57962.59,14.745,0.016,B,Swift,-15.9408974695916,76.59
,57977.93,15.01,0.024,B,Swift,-15.6758974695916,91.93
,57981.18,15.08,0.027,B,Swift,-15.6058974695916,95.18
,57990.3,15.463,0.021,B,Swift,-15.2228974695916,104.3
,58004.65,16.661,0.043,B,Swift,-14.0248974695916,118.65
,58009.43,17.254,0.101,B,Swift,-13.4318974695916,123.43
,57887.59,13.154,0.02,V,Swift,-17.2278974695916,1.59
,57902.08,12.976,0.022,V,Swift,-17.4058974695916,16.08
,57904.06,12.97,0.015,V,Swift,-17.4118974695916,18.06
,57906.59,12.947,0.015,V,Swift,-17.4348974695916,20.59
,57908.45,12.989,0.015,V,Swift,-17.3928974695916,22.45
,57910.18,13.029,0.015,V,Swift,-17.3528974695916,24.18
,57912.69,13.049,0.015,V,Swift,-17.3328974695916,26.69
,57914.29,13.05,0.015,V,Swift,-17.3318974695916,28.29
,57918.82,13.092,0.019,V,Swift,-17.2898974695916,32.82
,57920.8,13.164,0.015,V,Swift,-17.2178974695916,34.8
,57949.17,13.272,0.014,V,Swift,-17.1098974695916,63.17
,57962.59,13.337,0.014,V,Swift,-17.0448974695916,76.59
,57977.93,13.599,0.032,V,Swift,-16.7828974695916,91.93
,57981.18,13.572,0.024,V,Swift,-16.8098974695916,95.18
,57990.3,13.864,0.017,V,Swift,-16.5178974695916,104.3
,58004.65,14.942,0.038,V,Swift,-15.4398974695916,118.65
,58009.43,15.497,0.066,V,Swift,-14.8848974695916,123.43
