mjd,t_from_discovery,Lum,dLum0,dLum1
53552.36,3.36,1.5417E+42,2.20276E+41,2.20276E+41
53553.35,4.35,1.80302E+42,4.04987E+41,4.04987E+41
53554.46,5.46,1.09901E+42,1.86281E+41,1.86281E+41
53555.49,6.49,9.46237E+41,1.42693E+41,1.42693E+41
53557.42,8.42,6.35331E+41,1.49905E+41,1.49905E+41
53557.84,8.84,6.26614E+41,1.38983E+41,1.38983E+41
53559.4,10.4,4.89779E+41,1.66366E+41,1.66366E+41
53563.38,14.38,2.54683E+41,3.17348E+40,3.17348E+40
53563.42,14.42,2.5293E+41,3.54734E+40,3.54734E+40
53565.38,16.38,2.26464E+41,4.08362E+40,4.08362E+40
53565.45,16.45,2.25944E+41,3.52726E+40,3.52726E+40
53566.36,17.36,2.16272E+41,3.09006E+40,3.09006E+40
53566.4,17.4,2.20293E+41,5.13513E+40,5.13513E+40
53569.42,20.42,2.01372E+41,3.79592E+40,3.79592E+40
53571.4,22.4,2.00909E+41,4.28718E+40,4.28718E+40
53572.4,23.4,2.00909E+41,5.26036E+40,5.26036E+40
53577.4,28.4,1.96789E+41,6.86719E+40,6.86719E+40
53579.4,30.4,1.96789E+41,5.96598E+40,5.96598E+40
53583.39,34.39,1.99067E+41,3.807E+40,3.807E+40
53583.47,34.47,1.98153E+41,4.45083E+40,4.45083E+40
53585.38,36.38,1.98609E+41,7.24097E+40,7.24097E+40
53585.4,36.4,1.96789E+41,2.65686E+40,2.65686E+40
53586.43,37.43,1.99986E+41,3.17533E+40,3.17533E+40
53588.38,39.38,1.96336E+41,3.16982E+40,3.16982E+40
53589.38,40.38,1.97242E+41,3.02675E+40,3.02675E+40
53593.42,44.42,1.94536E+41,3.50789E+40,3.50789E+40
53595.38,46.38,1.96336E+41,3.38082E+40,3.38082E+40
53595.39,46.39,1.96336E+41,2.90879E+40,2.90879E+40
53599.44,50.44,1.98609E+41,4.51716E+40,4.51716E+40
53600.41,51.41,1.99526E+41,4.03571E+40,4.03571E+40
53605.35,56.35,2.09411E+41,6.22327E+40,6.22327E+40
53605.42,56.42,2.05589E+41,4.10149E+40,4.10149E+40
53606.42,57.42,2.04174E+41,4.24301E+40,4.24301E+40
53610.34,61.34,2.14289E+41,4.27505E+40,4.27505E+40
53610.37,61.37,2.1727E+41,3.5078E+40,3.5078E+40
53610.4,61.4,1.95884E+41,3.5322E+40,3.5322E+40
53613.34,64.34,2.14783E+41,7.2295E+40,7.2295E+40
53613.35,64.35,2.15278E+41,5.38753E+40,5.38753E+40
53615.33,66.33,2.09894E+41,4.42033E+40,4.42033E+40
53615.35,66.35,2.07491E+41,4.71917E+40,4.71917E+40
53617.35,68.35,2.0797E+41,4.55432E+40,4.55432E+40
53619.35,70.35,2.04644E+41,4.71232E+40,4.71232E+40
53628.35,79.35,1.93197E+41,4.39405E+40,4.39405E+40
53655.28,106.28,1.72584E+41,4.56892E+40,4.56892E+40
53699.72,150.72,5.67545E+39,1.05514E+38,1.05514E+38
53706.71,157.71,4.86407E+39,9.04299E+37,9.04299E+37
53707.74,158.74,4.9545E+39,9.21111E+37,9.21111E+37
53707.75,158.75,4.9204E+39,9.1477E+37,9.1477E+37
53709.74,160.74,4.93174E+39,9.16879E+37,9.16879E+37
53718.69,169.69,4.53942E+39,8.4394E+37,8.4394E+37
53725.72,176.72,4.46684E+39,8.30447E+37,8.30447E+37
53731.64,182.64,4.37522E+39,8.13414E+37,8.13414E+37
53735.62,186.62,4.32514E+39,8.04103E+37,8.04103E+37
