t_from_discovery,dMJD0,dMJD1,Lum,dLum0,dLum1
0.578594999999041,0.10109,0.188895,1.2E+042,3.78E+041,4.49E+041
1.62043500000436,0.016125,0.223775,8.37E+041,3.57E+040,3.69E+040
3.46867999999813,0.01613,0.5166,1.09E+042,6.4E+040,6.41E+040
5.36828500000411,0.021085,0.62995,1.1E+042,8.36E+040,8.29E+040
6.44219750000048,0.0182208,0.0199025,1.16E+042,3.79E+040,4.33E+040
11.6714750000028,0.014085,0.0105,1.17E+042,8.41E+040,8.64E+040
14.3618275000044,0.0141325,0.0105425,1.13E+042,9.38E+040,8.96E+040
19.5571400000044,0.01416,0.010565,1.03E+042,3.69E+040,3.73E+040
23.6413699999976,0.01609,0.008515,1.06E+042,4.09E+040,4.16E+040
27.6773600000015,0.00715,0.004955,1.22E+042,1.51E+041,1.54E+041
31.7679625000019,0.0141925,0.0106275,1.14E+042,4.96E+040,4.65E+040
37.413410000001,0.01598,0.01051,9.66E+041,6.47E+040,6.22E+040
41.6387925000017,0.0114525,0.1780225,1.02E+042,9.04E+040,9.13E+040
43.0200925000027,0.0121825,0.0176425,9.81E+041,8.35E+040,7.72E+040
48.9445899999992,0.01551,0.014355,9.28E+041,3.22E+040,2.85E+040
60.7554999999993,0.00279,0.0028,7.12E+041,8.08E+040,8.34E+040
73.8087099999975,0.10294,0.0042,5.79E+041,7.55E+040,7.69E+040
83.6752100000012,0.00419,0.006885,4.63E+041,8.83E+040,8.7E+040
94.8691900000049,0.00279,0.0028,2.97E+041,1.75E+041,1.87E+041
102.200830000002,0.00279,0.00278,1.33E+041,6.48E+040,7.79E+040
112.110010000004,0.00394,0.00394,9.17E+040,6.45E+040,7.12E+040
137.13091,0.00394,0.00395,6.79E+040,4.72E+040,6.27E+040
