mjd,t_from_discovery,Lum,dLum0,dLum1
56157.59,11.09,2.07014E+42,6.4005E+41,6.4005E+41
56158.34,11.84,1.8197E+42,4.76448E+41,4.76448E+41
56159.31,12.81,1.56675E+42,4.46973E+41,4.46973E+41
56176.13,29.63,1.21339E+42,3.46164E+41,3.46164E+41
56179.34,32.84,1.11429E+42,2.6609E+41,2.6609E+41
56180.92,34.42,1.07399E+42,1.79152E+41,1.79152E+41
56181.59,35.09,1.06905E+42,1.78329E+41,1.78329E+41
56186.2,39.7,1.12202E+42,2.93775E+41,2.93775E+41
56194.87,48.37,1.1272E+42,1.37539E+41,1.37539E+41
56202.2,55.7,1.1995E+42,2.29395E+41,2.29395E+41
56204.21,57.71,1.11429E+42,2.131E+41,2.131E+41
56212.19,65.69,1.03276E+42,2.4662E+41,2.4662E+41
56220.42,73.92,1.02565E+42,2.44922E+41,2.44922E+41
56221.06,74.56,9.28966E+41,1.54961E+41,1.54961E+41
56232.13,85.63,8.55067E+41,2.64371E+41,2.64371E+41
56242.13,95.63,6.13762E+41,2.18002E+41,2.18002E+41
56250.19,103.69,3.87258E+41,1.46077E+41,1.46077E+41
56253.08,106.58,3.11172E+41,5.78511E+39,5.78511E+39
56268.94,122.44,2.49459E+41,4.6378E+39,4.6378E+39
56270.95,124.45,2.2751E+41,4.22972E+39,4.22972E+39
56282.94,136.44,1.89234E+41,3.51813E+39,3.51813E+39
56290,143.5,1.57398E+41,2.92625E+39,2.92625E+39
56302.81,156.31,1.43549E+41,2.66877E+39,2.66877E+39
56305.66,159.16,1.43549E+41,2.66877E+39,2.66877E+39
