,line,absorption_mean_velocity,absorption_std_velocity,emission_mean_velocity,emission_std_velocity,t_from_discovery,Name
0,Halpha,15956.603343293002,114.05093314773245,3007.278552244811,207.4349185757702,23.093678638253973,SN2018hmx
0,Hbeta,9518.806564432818,288.775692163822,1027.7228446731751,1075.4419972455532,23.093678638253973,SN2018hmx
0,FeII 5169,8871.69559409687,1202.9201734841338,-3565.713765391187,357.17387302907235,23.093678638253973,SN2018hmx
0,FeII 5018,10803.203397143741,277.0631208735575,8413.516733651839,449.5774432234493,23.093678638253973,SN2018hmx
0,Halpha,13682.49541022152,199.70203788496713,2629.38261486292,96.16087839573113,33.59079515475075,SN2018hmx
0,Hbeta,9063.36427115619,161.199769107775,-2320.7335510513744,747.8631117040217,33.59079515475075,SN2018hmx
0,FeII 5169,7710.088219675184,311.24144300146463,-5109.160694984268,1069.3439496634792,33.59079515475075,SN2018hmx
0,FeII 5018,10558.14374233906,902.3577452819092,6306.849385602112,432.3021878565973,33.59079515475075,SN2018hmx
0,Halpha,12777.050123650652,251.4793622634202,2271.599810538284,166.29015468315504,39.38433285211974,SN2018hmx
0,Hbeta,9507.474308091547,281.1843307924591,-847.1358287204366,2352.616290570362,39.38433285211974,SN2018hmx
0,FeII 5169,6612.856238825289,252.35864549431244,-17346.608726817336,378.9273476485378,39.38433285211974,SN2018hmx
0,FeII 5018,9238.460877489306,366.2804404802434,5410.549052636159,470.3308094764052,39.38433285211974,SN2018hmx
0,Halpha,12153.836124960642,171.04855508456205,1834.4971329469793,122.93218464580993,45.167255406112886,SN2018hmx
0,Hbeta,9474.42852712914,200.11092862002207,-4521.319265380542,2025.3138437151126,45.167255406112886,SN2018hmx
0,FeII 5169,6355.452116915593,298.16848850658107,-16503.111192453733,484.6884431096503,45.167255406112886,SN2018hmx
0,FeII 5018,8169.455444005154,392.37905948171937,4075.145139394492,200.26377197469296,45.167255406112886,SN2018hmx
0,Halpha,12129.834300583496,169.6247975447454,1759.9355443039458,155.33679229654328,45.2586214592106,SN2018hmx
0,Hbeta,9632.088185978944,195.13353887917899,-2630.317564097569,1895.7346146241925,45.2586214592106,SN2018hmx
0,FeII 5169,6304.933772511647,431.41170697315135,-16984.94283981763,145.27179538970609,45.2586214592106,SN2018hmx
0,FeII 5018,8244.6525992406,462.9251000938466,3847.6014393633927,267.33310602848195,45.2586214592106,SN2018hmx
0,Halpha,12104.35043329237,205.10769266484257,1740.9154346392775,118.09600108689133,46.96958850736985,SN2018hmx
0,Hbeta,9514.992223695192,192.77234810504203,-3889.3275442136123,1965.944897036504,46.96958850736985,SN2018hmx
0,FeII 5169,6270.465375178389,243.89302754771867,-16713.94809338233,334.9171996421284,46.96958850736985,SN2018hmx
0,FeII 5018,7997.425657075562,444.3193315544819,4187.810907694046,273.19503062409456,46.96958850736985,SN2018hmx
0,Halpha,11433.810000415442,160.9789943517072,1324.3635953927467,161.20991823115776,56.81239072690772,SN2018hmx
0,Hbeta,9391.957511313847,242.4928369311403,-5531.42889680177,1816.3609787493795,56.81239072690772,SN2018hmx
0,FeII 5169,5644.00098159158,230.94050310367538,-17259.65223779972,145.03603320089448,56.81239072690772,SN2018hmx
0,FeII 5018,6714.912406727627,461.2446949441032,3227.395557487606,248.95433047302967,56.81239072690772,SN2018hmx
0,Halpha,11167.945097913163,210.73708439715244,1166.0753034201591,254.68063035404472,64.33588453634661,SN2018hmx
0,Hbeta,8650.609055098092,552.2135205381435,-1756.0867379646158,2658.153087912475,64.33588453634661,SN2018hmx
0,FeII 5169,4859.487152268323,252.06463980114813,-18081.0088385859,622.067118283946,64.33588453634661,SN2018hmx
0,FeII 5018,6566.716828952599,329.05846828849,2909.0495624742234,324.3740163737849,64.33588453634661,SN2018hmx
0,Halpha,10622.303548553225,198.79512979792423,749.8501455436677,152.14152229621206,83.77689466937076,SN2018hmx
0,Hbeta,8392.777555342906,213.38393202640646,-5627.312426989198,748.9910338371787,83.77689466937076,SN2018hmx
0,FeII 5169,4710.129775878229,277.7314034770788,-17840.224133093525,583.3851700662176,83.77689466937076,SN2018hmx
0,FeII 5018,5801.19320826019,544.815603855451,2152.828630461515,406.7249525359289,83.77689466937076,SN2018hmx
0,Halpha,10482.69809012872,169.56954299227186,800.6786331157222,94.45101177784998,94.3177094489404,SN2018hmx
0,Hbeta,7533.943236349756,221.52826945007772,-5868.880943204897,495.6424063981169,94.3177094489404,SN2018hmx
0,FeII 5169,4473.375872918352,237.61544507891526,-18186.08135530996,578.1226623997992,94.3177094489404,SN2018hmx
0,FeII 5018,5855.188721666358,992.7702817022761,1632.3741167826965,1092.3803406821894,94.3177094489404,SN2018hmx
0,Halpha,10109.419255660188,178.26600219716656,136.54149867534548,127.12294145296849,106.75754210417963,SN2018hmx
0,Hbeta,7515.323337144899,116.55120311521401,-6507.343903857338,632.8812260172559,106.75754210417963,SN2018hmx
0,FeII 5169,4031.6811591519263,286.20986276532045,-18664.59874346398,240.98171322892662,106.75754210417963,SN2018hmx
0,FeII 5018,5336.831505693947,335.42986116493665,1211.8753712291382,446.74267575218124,106.75754210417963,SN2018hmx
0,Halpha,18785.68989109826,0.0,3713.324669582188,571.9890841507417,19.024811782091053,SN2018hmx
0,Hbeta,10415.732963403367,3.637978807091713e-12,3814.536928882038,555.0271705076677,19.024811782091053,SN2018hmx
0,FeII 5169,4711.725193261169,475.5028970141848,-691.751319632392,902.7527421524412,19.024811782091053,SN2018hmx
0,FeII 5018,6142.345320801796,1340.2841765991252,9096.070733264542,0.0,19.024811782091053,SN2018hmx
0,Halpha,10671.95802228666,224.8784422557467,831.1196044668698,249.1767798193696,82.6188098556859,SN2018hmx
0,Hbeta,8324.989405806784,198.26248740319173,-5455.9103668578855,660.4387705612247,82.6188098556859,SN2018hmx
0,FeII 5169,5248.07542523977,954.3479840994202,-17486.521679616573,872.9785916485622,82.6188098556859,SN2018hmx
0,FeII 5018,6025.056202030397,326.3509854724968,2372.710471179924,483.2135547746777,82.6188098556859,SN2018hmx
